Levenshtein; Jaccard; Overlap
n1;831;0.0;0.0
n2;504;0.013986013986013986;0.028985507246376812
n3;501;0;0
n4;1301;0.07806691449814127;0.45652173913043476
n5;2247;0.11508951406649616;0.6818181818181818
n6;1148;0.15087719298245614;0.5512820512820513
n7;858;0.17616580310880828;0.7555555555555555
n8;498;0.18292682926829268;0.4918032786885246
n9;3500;0.064;0.7804878048780488
n10;339;0.021052631578947368;0.09090909090909091
n11;515;0.03164556962025317;0.10204081632653061
n12;2913;0.046511627906976744;0.4074074074074074
n13;2248;0.14420803782505912;0.6354166666666666
n14;930;0.040229885057471264;0.7777777777777778
n15;512;0.08552631578947369;0.4482758620689655
n16;3615;0.016901408450704224;0.19047619047619047
n17;526;0.11801242236024845;0.3877551020408163
n18;820;0.14146341463414633;0.5918367346938775
n19;625;0.10471204188481675;0.37735849056603776
n20;2335;0.011142061281337047;0.11764705882352941
n21;180;0.0;0.0
n22;402;0.28421052631578947;0.7941176470588235
n23;141;0.0;0.0
n24;434;0.0;0.0
n25;365;0.13392857142857142;0.2631578947368421
n26;445;0.2153846153846154;0.6222222222222222
n27;886;0.24579124579124578;0.6403508771929824
n28;451;0.2689655172413793;0.6842105263157895
n29;529;0.11392405063291139;0.4
n30;493;0.04938271604938271;0.17777777777777778
n31;563;0.12280701754385964;0.42857142857142855
n32;196;0.0136986301369863;0.07142857142857142
n33;920;0.019736842105263157;0.75
n34;1389;0.11186440677966102;0.868421052631579
n35;425;0.0;0.0
n36;678;0.01;0.05405405405405406
n37;422;0.0;0.0
n38;812;0.031496062992125984;0.5714285714285714
n39;1115;0.0663265306122449;0.7647058823529411
n40;813;0.0;0.0
n41;399;0.2777777777777778;0.6521739130434783
n42;534;0.27631578947368424;0.6774193548387096
n43;355;0.2543859649122807;0.6744186046511628
n44;765;0.12777777777777777;0.6571428571428571
n45;674;0.18518518518518517;0.7317073170731707
n46;1330;0.055299539170506916;0.4444444444444444
n47;606;0.16666666666666666;0.8
n48;853;0.0;0.0
n49;641;0.05161290322580645;0.32
n50;487;0.21153846153846154;0.88
n51;505;0.20192307692307693;0.84
n52;669;0.14473684210526316;0.9166666666666666
n53;672;0.1910828025477707;0.7692307692307693
n54;711;0.20118343195266272;0.8095238095238095
n55;731;0.13013698630136986;0.6129032258064516
n56;594;0.18840579710144928;0.6190476190476191
n57;459;0.3090909090909091;0.8292682926829268
n58;482;0.015706806282722512;0.06382978723404255
n59;3933;0.0;0.0
n60;256;0.22807017543859648;0.8666666666666667
n61;1753;0.0449438202247191;0.5714285714285714
n62;663;0.041237113402061855;0.11764705882352941
n63;2204;0.005025125628140704;0.0625
n64;1292;0.07407407407407407;0.6923076923076923
n65;1693;0.05054151624548736;0.6666666666666666
n66;681;0.08387096774193549;0.41935483870967744
n67;978;0.11038961038961038;0.9444444444444444
n68;287;0.0;0.0
n69;891;0.13227513227513227;0.78125
n70;1610;0.0925;0.3854166666666667
n71;2266;0.08021390374331551;0.6
n72;2364;0.08913649025069638;0.7272727272727273
n73;4078;0.04784688995215311;0.75
n74;718;0.024539877300613498;0.26666666666666666
n75;413;0.17045454545454544;0.8823529411764706
n76;443;0.16091954022988506;0.875
n77;915;0.0821917808219178;0.5714285714285714
n78;1194;0.1111111111111111;0.7241379310344828
n79;1290;0.06312292358803986;0.36538461538461536
n80;1105;0.0794979079497908;0.5135135135135135
n81;1097;0.03888888888888889;0.5384615384615384
n82;1468;0.0859375;0.6666666666666666
n83;1172;0.04081632653061224;0.30303030303030304
n84;1170;0.10294117647058823;0.7241379310344828
n85;1513;0.1322314049586777;0.8648648648648649
n86;678;0.1111111111111111;0.4
n87;1299;0.13596491228070176;0.775
n88;1469;0.13524590163934427;0.8048780487804879
n89;1376;0.07633587786259542;0.43478260869565216
n90;172;0.0;0.0
n91;136;0.0;0.0
n92;327;0.1111111111111111;0.6666666666666666
n93;2750;0.0;0.0
n94;2393;0.11333333333333333;0.8717948717948718
n95;3129;0.04338394793926247;0.8
n96;1329;0.01597444089456869;0.14285714285714285
n97;1081;0.09473684210526316;0.5806451612903226
n98;1709;0.008108108108108109;0.13636363636363635
n99;1886;0.08928571428571429;0.6756756756756757
n100;1931;0.1054421768707483;0.8157894736842105
v1;250;0.3392857142857143;0.9047619047619048
v2;2378;0.02368421052631579;0.5625
v3;1041;0.018633540372670808;0.3333333333333333
v4;304;0.2;0.3469387755102041
v5;1381;0.04;1.0
v6;1297;0.07723577235772358;0.6333333333333333
v7;3640;0.08712121212121213;0.71875
v8;3662;0.09177820267686425;0.75
v9;742;0.1721311475409836;0.9130434782608695
v10;509;0.2542372881355932;0.9090909090909091
v11;2647;0.06490384615384616;0.6428571428571429
v12;333;0.0;0.0
v13;2342;0.051351351351351354;0.6785714285714286
v14;1547;0.11379310344827587;0.717391304347826
v15;356;0.008264462809917356;0.05555555555555555
v16;802;0.11229946524064172;0.4883720930232558
v17;787;0.09844559585492228;0.4418604651162791
v18;875;0.0;0.0
v19;3301;0.04466019417475728;0.696969696969697
v20;2219;0.00546448087431694;0.08695652173913043
v21;1943;0.0;0.0
v22;116;0.4084507042253521;0.6444444444444445
v23;1899;0.08682634730538923;0.6444444444444445
v24;124;0.0;0.0
v25;341;0.053763440860215055;0.3125
v26;565;0.08029197080291971;0.6875
v27;1552;0.03333333333333333;0.7272727272727273
v28;1393;0.05;0.7857142857142857
v29;1602;0.036885245901639344;0.6428571428571429
v30;1870;0.039711191335740074;0.7333333333333333
v31;703;0.18095238095238095;0.9047619047619048
v32;531;0.1986754966887417;0.6976744186046512
v33;563;0.08181818181818182;0.6428571428571429
v34;1527;0.08936170212765958;0.9130434782608695
v35;265;0.0;0.0
v36;788;0.17037037037037037;0.8846153846153846
v37;585;0.12658227848101267;0.6896551724137931
v38;735;0.043689320388349516;0.9
v39;887;0.04201680672268908;0.8333333333333334
v40;690;0.0449438202247191;0.6666666666666666
v41;952;0.03763440860215054;0.5833333333333334
v42;524;0.16831683168316833;0.8095238095238095
v43;516;0.17699115044247787;0.7692307692307693
v44;2049;0.01718213058419244;0.8333333333333334
v45;677;0.03305785123966942;1.0
v46;1179;0.05154639175257732;0.625
v47;872;0.0728476821192053;0.6875
v48;1414;0.11328125;0.6590909090909091
v49;460;0.07;0.4666666666666667
v50;519;0.09090909090909091;0.5217391304347826
v51;411;0.07476635514018691;0.34782608695652173
v52;3377;0.007202881152460984;0.2
v53;212;0.031746031746031744;0.15384615384615385
v54;382;0.03305785123966942;0.14814814814814814
v55;254;0.0;0.0
v56;1243;0.12213740458015267;0.8205128205128205
v57;813;0.040983606557377046;0.8333333333333334
v58;816;0.013605442176870748;0.13333333333333333
v59;803;0.10810810810810811;0.6956521739130435
v60;310;0.2535211267605634;0.9
v61;388;0.0;0.0
v62;370;0.016260162601626018;0.03636363636363636
v63;738;0.041666666666666664;0.35294117647058826
v64;3120;0.0;0.0
v65;398;0.09722222222222222;0.6363636363636364
v66;489;0.0989010989010989;0.6923076923076923
v67;823;0.027777777777777776;0.6666666666666666
v68;562;0.010309278350515464;0.16666666666666666
v69;930;0.18617021276595744;0.8333333333333334
v70;26;0.0;0.0
v71;839;0.0;0.0
v72;845;0.15028901734104047;0.8666666666666667
v73;653;0.11627906976744186;0.8333333333333334
v74;454;0.23655913978494625;0.88
v75;614;0.12307692307692308;0.5333333333333333
v76;1901;0.0;0.0
v77;2459;0.02570694087403599;0.625
v78;1444;0.0;0.0
v79;2616;0.001968503937007874;0.14285714285714285
v80;1060;0.07784431137724551;0.7222222222222222
v81;924;0.043478260869565216;0.5
v82;1068;0.037037037037037035;0.35
v83;691;0.0;0.0
v84;1009;0.0903954802259887;0.8888888888888888
v85;1471;0.04198473282442748;0.55
v86;1163;0.0449438202247191;1.0
v87;778;0.0;0.0
v88;741;0.04285714285714286;0.5
v89;674;0.047619047619047616;0.5
v90;140;0.2222222222222222;0.48484848484848486
v91;938;0.025510204081632654;0.5
v92;829;0.006535947712418301;0.07692307692307693
v93;650;0.15873015873015872;0.7142857142857143
v94;1873;0.10588235294117647;0.75
v95;2306;0.055865921787709494;0.5555555555555556
v96;1729;0.04743083003952569;0.6666666666666666
v97;1421;0.08333333333333333;0.6896551724137931
v98;1200;0.09433962264150944;0.6896551724137931
v99;2439;0.04555808656036447;0.7142857142857143
v100;1538;0.08064516129032258;0.6451612903225806
