ID;original Lev;original Jac;original Ove; B&W Lev;B&W Jac;B&W Ove;GS Lev;GS Jac;GS Ove;GS noise remove Lev;GS noise remove Jac;GS noise remove Ove;BG remove Lev;BG remove Jac;BG remove Ove;BG remove + BW Lev;BG remove + BW Jac;BG remove + BW Ove;BG remove + GS Lev;BG remove + GS Jac;BG remove + GS Ove;Noise remove Lev;Noise remove Jac;Noise remove Ove
n1;946;0.23193916349809887;0.6421052631578947;7544;0.001153846153846154;0.031578947368421054;809;0.0;0.0;819;0.0;0.0;2165;0.009174311926605505;0.07368421052631578;975;0.24521072796934865;0.6736842105263158;793;0.0;0.0;970;0.22761194029850745;0.6421052631578947
n2;544;0.15675675675675677;0.42028985507246375;490;0.043209876543209874;0.10144927536231885;541;0.13186813186813187;0.34782608695652173;382;0.2867647058823529;0.5652173913043478;492;0.028901734104046242;0.07246376811594203;508;0.01694915254237288;0.043478260869565216;484;0.029411764705882353;0.07246376811594203;486;0.15527950310559005;0.36231884057971014
n3;503;0;0;1261;0.1183206106870229;0.5254237288135594;495;0.0;0.0;500;0.0;0.0;500;0;0;499;0;0;500;0;0;500;0.0;0.0
n4;1489;0.0912280701754386;0.5652173913043478;1441;0.05956112852664577;0.41304347826086957;1141;0.1059322033898305;0.5434782608695652;1452;0.08710801393728224;0.5434782608695652;1610;0.07207207207207207;0.5217391304347826;1518;0.07120743034055728;0.5;1598;0.07165109034267912;0.5;1449;0.08602150537634409;0.5217391304347826
n5;2259;0.12;0.6818181818181818;2007;0.11568123393316196;0.6818181818181818;2191;0.1220159151193634;0.696969696969697;1999;0.10761154855643044;0.6212121212121212;2267;0.11139240506329114;0.6666666666666666;2243;0.11538461538461539;0.6818181818181818;2243;0.11508951406649616;0.6818181818181818;2279;0.11597938144329897;0.6818181818181818
n6;1183;0.15087719298245614;0.5512820512820513;1143;0.15579710144927536;0.5512820512820513;1142;0.15302491103202848;0.5512820512820513;1066;0.16602316602316602;0.5512820512820513;1099;0.15925925925925927;0.5512820512820513;1127;0.15693430656934307;0.5512820512820513;1069;0.16538461538461538;0.5512820512820513;1088;0.16538461538461538;0.5512820512820513
n7;776;0.19889502762430938;0.8;866;0.19796954314720813;0.8666666666666667;841;0.2;0.8444444444444444;841;0.1956521739130435;0.8;845;0.17647058823529413;0.7333333333333333;846;0.1837837837837838;0.7555555555555555;891;0.1724137931034483;0.7777777777777778;804;0.19101123595505617;0.7555555555555555
n8;763;0.14056224899598393;0.5737704918032787;826;0.13857677902621723;0.6065573770491803;518;0.19883040935672514;0.5573770491803278;626;0.20304568527918782;0.6557377049180327;366;0.208;0.4262295081967213;401;0.26277372262773724;0.5901639344262295;441;0.2;0.4918032786885246;369;0.3135593220338983;0.6065573770491803
n9;3224;0.05725971370143149;0.6829268292682927;2976;0.05714285714285714;0.6829268292682927;3391;0.055776892430278883;0.6829268292682927;3480;0.05719921104536489;0.7073170731707317;3536;0.05719921104536489;0.7073170731707317;3639;0.053231939163498096;0.6829268292682927;3524;0.05731225296442688;0.7073170731707317;3389;0.056451612903225805;0.6829268292682927
n10;631;0.009009009009009009;0.09090909090909091;2232;0.0027434842249657062;0.09090909090909091;4160;0.0015661707126076742;0.09090909090909091;1558;0.004338394793926247;0.09090909090909091;2773;0.002333722287047841;0.09090909090909091;3380;0.0017497812773403325;0.09090909090909091;2831;0.002331002331002331;0.09090909090909091;167;0.03125;0.09090909090909091
n11;2453;0.0;0.0;818;0.17766497461928935;0.7142857142857143;920;0.14953271028037382;0.6530612244897959;851;0.16753926701570682;0.6530612244897959;928;0.12831858407079647;0.5918367346938775;656;0.016877637130801686;0.08163265306122448;940;0.13777777777777778;0.6326530612244898;571;0.005208333333333333;0.02040816326530612
n12;3400;0.03826955074875208;0.42592592592592593;3224;0.03614457831325301;0.3888888888888889;3360;0.047540983606557376;0.5370370370370371;2992;0.042;0.3888888888888889;3084;0.03816793893129771;0.37037037037037035;3115;0.0521415270018622;0.5185185185185185;3066;0.03551401869158879;0.35185185185185186;3073;0.05162523900573614;0.5
n13;2216;0.14184397163120568;0.625;2231;0.14018691588785046;0.625;2214;0.14150943396226415;0.625;2204;0.14218009478672985;0.625;2312;0.14153132250580047;0.6354166666666666;2255;0.14386792452830188;0.6354166666666666;2242;0.14186046511627906;0.6354166666666666;2203;0.14218009478672985;0.625
n14;3219;0.0;0.0;4438;0.002421307506053269;0.3333333333333333;4402;0.006201550387596899;0.8888888888888888;2335;0.0;0.0;1021;0.041237113402061855;0.8888888888888888;1470;0.018018018018018018;0.6666666666666666;1009;0.04040404040404041;0.8888888888888888;1127;0.030973451327433628;0.7777777777777778
n15;575;0.08839779005524862;0.5517241379310345;630;0.09782608695652174;0.6206896551724138;604;0.07329842931937172;0.4827586206896552;554;0.11875;0.6551724137931034;571;0.09580838323353294;0.5517241379310345;562;0.0949367088607595;0.5172413793103449;585;0.09467455621301775;0.5517241379310345;550;0.08641975308641975;0.4827586206896552
n16;4311;0.021170610211706103;0.2698412698412698;4080;0.025;0.2857142857142857;4209;0.026499302649930265;0.30158730158730157;4305;0.02553191489361702;0.2857142857142857;3639;0.024963289280469897;0.2698412698412698;2972;0.021487603305785124;0.20634920634920634;3658;0.024890190336749635;0.2698412698412698;4240;0.03138373751783167;0.3492063492063492
n17;771;0.06557377049180328;0.32653061224489793;1619;0.033216783216783216;0.3877551020408163;825;0.11814345991561181;0.5714285714285714;653;0.14754098360655737;0.5510204081632653;589;0.05405405405405406;0.20408163265306123;582;0.06557377049180328;0.24489795918367346;589;0.05291005291005291;0.20408163265306123;762;0.09090909090909091;0.40816326530612246
n18;780;0.11848341232227488;0.5102040816326531;1066;0.08223684210526316;0.5102040816326531;829;0.12280701754385964;0.5714285714285714;810;0.1477832512315271;0.6122448979591837;907;0.12017167381974249;0.5714285714285714;877;0.1509433962264151;0.6530612244897959;874;0.14027149321266968;0.6326530612244898;755;0.13829787234042554;0.5306122448979592
n19;896;0.07723577235772358;0.3584905660377358;578;0.11917098445595854;0.4339622641509434;951;0.12030075187969924;0.6037735849056604;574;0.08854166666666667;0.32075471698113206;754;0.1031390134529148;0.4339622641509434;762;0.09375;0.39622641509433965;773;0.08771929824561403;0.37735849056603776;767;0.0931174089068826;0.4339622641509434
n20;2393;0.010810810810810811;0.11764705882352941;2336;0.010050251256281407;0.11764705882352941;2404;0.010075566750629723;0.11764705882352941;2366;0.0110803324099723;0.11764705882352941;2342;0.01092896174863388;0.11764705882352941;2334;0.01098901098901099;0.11764705882352941;2311;0.011019283746556474;0.11764705882352941;2342;0.011560693641618497;0.11764705882352941
n21;162;0.0;0.0;1263;0.0064516129032258064;0.08333333333333333;1574;0.042042042042042045;0.5833333333333334;1275;0.05220883534136546;0.5416666666666666;163;0.0;0.0;1194;0.0;0.0;1440;0.007936507936507936;0.125;184;0.0;0.0
n22;470;0.226890756302521;0.7941176470588235;354;0.29347826086956524;0.7941176470588235;363;0.2903225806451613;0.7941176470588235;410;0.2621359223300971;0.7941176470588235;358;0.2916666666666667;0.8235294117647058;380;0.28865979381443296;0.8235294117647058;410;0.2616822429906542;0.8235294117647058;398;0.27;0.7941176470588235
n23;397;0.0;0.0;296;0.0;0.0;406;0.0;0.0;168;0.0;0.0;152;0.0;0.0;993;0.0;0.0;204;0.0;0.0;172;0.0;0.0
n24;460;0.0;0.0;911;0.046153846153846156;0.2;713;0.0037735849056603774;0.016666666666666666;420;0.006711409395973154;0.016666666666666666;849;0.0;0.0;944;0.0029154518950437317;0.016666666666666666;1105;0.0;0.0;439;0.0;0.0
n25;882;0.012461059190031152;0.07017543859649122;426;0.025906735751295335;0.08771929824561403;629;0.06637168141592921;0.2631578947368421;336;0.12612612612612611;0.24561403508771928;410;0.10869565217391304;0.2631578947368421;356;0.08928571428571429;0.17543859649122806;414;0.05263157894736842;0.14035087719298245;384;0.06818181818181818;0.15789473684210525
n26;516;0.1875;0.6;432;0.2283464566929134;0.6444444444444445;515;0.18620689655172415;0.6;462;0.21052631578947367;0.6222222222222222;468;0.19708029197080293;0.6;477;0.19852941176470587;0.6;463;0.20149253731343283;0.6;489;0.19708029197080293;0.6
n27;804;0.27238805970149255;0.6403508771929824;844;0.2379182156133829;0.5614035087719298;945;0.25;0.5701754385964912;925;0.21710526315789475;0.5789473684210527;855;0.24731182795698925;0.6052631578947368;840;0.2465753424657534;0.631578947368421;1028;0.20489296636085627;0.5877192982456141;740;0.2720306513409962;0.6228070175438597
n28;5243;0.0011661807580174927;0.03508771929824561;3571;0.0014577259475218659;0.03508771929824561;4470;0.005326231691078562;0.14035087719298245;504;0.2971014492753623;0.7192982456140351;3172;0.01342882721575649;0.2631578947368421;3035;0.011828935395814377;0.22807017543859648;3179;0.013333333333333334;0.2631578947368421;412;0.01875;0.05263157894736842
n29;420;0.1366906474820144;0.4222222222222222;443;0.10828025477707007;0.37777777777777777;547;0.12048192771084337;0.4444444444444444;516;0.12987012987012986;0.4444444444444444;505;0.10179640718562874;0.37777777777777777;532;0.10365853658536585;0.37777777777777777;517;0.10059171597633136;0.37777777777777777;404;0.1056338028169014;0.3333333333333333
n30;589;0.08163265306122448;0.35555555555555557;548;0.07065217391304347;0.28888888888888886;511;0.08379888268156424;0.3333333333333333;545;0.08187134502923976;0.3111111111111111;461;0.04375;0.15555555555555556;616;0.04390243902439024;0.2;527;0.04864864864864865;0.2;427;0.07586206896551724;0.24444444444444444
n31;371;0.2047244094488189;0.5306122448979592;544;0.1005586592178771;0.3673469387755102;750;0.11013215859030837;0.5102040816326531;467;0.14583333333333334;0.42857142857142855;532;0.12883435582822086;0.42857142857142855;630;0.11560693641618497;0.40816326530612246;531;0.12962962962962962;0.42857142857142855;391;0.18548387096774194;0.46938775510204084
n32;1276;0.004784688995215311;0.14285714285714285;263;0.0;0.0;267;0.010752688172043012;0.07142857142857142;141;0.0;0.0;149;0.0;0.0;247;0.0;0.0;270;0.0;0.0;181;0.0;0.0
n33;1037;0.017964071856287425;0.75;932;0.02097902097902098;0.75;932;0.021739130434782608;0.75;972;0.0196078431372549;0.75;987;0.016853932584269662;0.75;970;0.01764705882352941;0.75;910;0.01948051948051948;0.75;994;0.024844720496894408;1.0
n34;1951;0.029535864978902954;0.3684210526315789;1566;0.030848329048843187;0.3157894736842105;1494;0.04838709677419355;0.47368421052631576;1336;0.11409395973154363;0.8947368421052632;1387;0.12080536912751678;0.9473684210526315;1453;0.11437908496732026;0.9210526315789473;1388;0.11688311688311688;0.9473684210526315;803;0.02403846153846154;0.13157894736842105
n35;196;0.0;0.0;198;0.010638297872340425;0.03571428571428571;243;0.0;0.0;222;0.0;0.0;198;0.0;0.0;190;0.0;0.0;197;0.0;0.0;222;0.0;0.0
n36;756;0.004830917874396135;0.02702702702702703;1271;0.06477732793522267;0.43243243243243246;1451;0.04501607717041801;0.3783783783783784;828;0.04591836734693878;0.24324324324324326;1027;0.00390625;0.02702702702702703;708;0.0053475935828877;0.02702702702702703;1209;0.027237354085603113;0.1891891891891892;821;0.00546448087431694;0.02702702702702703
n37;815;0.04032258064516129;0.7142857142857143;891;0.02097902097902098;0.42857142857142855;840;0.04;0.7142857142857143;830;0.05;0.8571428571428571;857;0.015267175572519083;0.2857142857142857;472;0.0;0.0;868;0.015267175572519083;0.2857142857142857;789;0.05128205128205128;0.8571428571428571
n38;776;0.024193548387096774;0.42857142857142855;843;0.045112781954887216;0.8571428571428571;808;0.046153846153846156;0.8571428571428571;781;0.05172413793103448;0.8571428571428571;841;0.037037037037037035;0.7142857142857143;860;0.04225352112676056;0.8571428571428571;834;0.03007518796992481;0.5714285714285714;780;0.04065040650406504;0.7142857142857143
n39;1127;0.057692307692307696;0.7058823529411765;1147;0.07246376811594203;0.8823529411764706;1220;0.06976744186046512;0.8823529411764706;1182;0.06403940886699508;0.7647058823529411;1107;0.07253886010362694;0.8235294117647058;1144;0.049019607843137254;0.5882352941176471;1110;0.07216494845360824;0.8235294117647058;1090;0.05555555555555555;0.6470588235294118
n40;848;0.0;0.0;863;0.0;0.0;855;0.0;0.0;760;0.0;0.0;797;0.0;0.0;815;0.0;0.0;796;0.0;0.0;810;0.0;0.0
n41;1705;0.030360531309297913;0.34782608695652173;3395;0.0;0.0;1076;0.03293413173652695;0.2391304347826087;392;0.22131147540983606;0.5869565217391305;545;0.22794117647058823;0.6739130434782609;472;0.25384615384615383;0.717391304347826;412;0.21428571428571427;0.5869565217391305;370;0.06382978723404255;0.1956521739130435
n42;538;0.2692307692307692;0.6774193548387096;541;0.27631578947368424;0.6774193548387096;535;0.2611464968152866;0.6612903225806451;534;0.2631578947368421;0.6451612903225806;546;0.28289473684210525;0.6935483870967742;547;0.2727272727272727;0.6774193548387096;541;0.2866666666666667;0.6935483870967742;554;0.267515923566879;0.6774193548387096
n43;2295;0.0;0.0;3619;0.0;0.0;502;0.16666666666666666;0.5813953488372093;448;0.18803418803418803;0.5116279069767442;543;0.15476190476190477;0.6046511627906976;423;0.226890756302521;0.627906976744186;444;0.21487603305785125;0.6046511627906976;353;0.0;0.0
n44;865;0.125;0.7428571428571429;803;0.08415841584158416;0.4857142857142857;866;0.140625;0.7714285714285715;795;0.12994350282485875;0.6571428571428571;783;0.12359550561797752;0.6285714285714286;865;0.033816425120772944;0.2;845;0.11386138613861387;0.6571428571428571;847;0.14136125654450263;0.7714285714285715
n45;757;0.16939890710382513;0.7560975609756098;732;0.12299465240641712;0.5609756097560976;717;0.17679558011049723;0.7804878048780488;699;0.1951219512195122;0.7804878048780488;780;0.13846153846153847;0.6585365853658537;608;0.07567567567567568;0.34146341463414637;727;0.16477272727272727;0.7073170731707317;707;0.18072289156626506;0.7317073170731707
n46;1514;0.09561752988047809;0.8888888888888888;1523;0.0703125;0.6666666666666666;1546;0.0963855421686747;0.8888888888888888;1400;0.11059907834101383;0.8888888888888888;1617;0.045112781954887216;0.4444444444444444;1504;0.04838709677419355;0.4444444444444444;1570;0.046511627906976744;0.4444444444444444;1403;0.11386138613861387;0.8518518518518519
n47;644;0.18045112781954886;0.96;742;0.09467455621301775;0.64;742;0.1464968152866242;0.92;621;0.19008264462809918;0.92;722;0.02843601895734597;0.24;750;0.013452914798206279;0.12;769;0.02666666666666667;0.24;666;0.1875;0.96
n48;850;0.24479166666666666;0.7704918032786885;920;0.22330097087378642;0.7540983606557377;901;0.22488038277511962;0.7704918032786885;746;0.2874251497005988;0.7868852459016393;557;0.0;0.0;1563;0.007326007326007326;0.06557377049180328;1738;0.029296875;0.2459016393442623;741;0.2891566265060241;0.7868852459016393
n49;795;0.033707865168539325;0.24;829;0.06547619047619048;0.44;753;0.09740259740259741;0.6;796;0.09554140127388536;0.6;728;0.033707865168539325;0.24;646;0.038461538461538464;0.24;730;0.03428571428571429;0.24;793;0.09740259740259741;0.6
n50;576;0.15873015873015872;0.8;403;0.21978021978021978;0.8;538;0.1826086956521739;0.84;527;0.18181818181818182;0.8;383;0.08163265306122448;0.32;450;0.07758620689655173;0.36;366;0.08333333333333333;0.32;469;0.1592920353982301;0.72
n51;535;0.18269230769230768;0.76;576;0.1694915254237288;0.8;520;0.18181818181818182;0.8;568;0.15833333333333333;0.76;505;0.20192307692307693;0.84;487;0.2079207920792079;0.84;506;0.2;0.84;557;0.18421052631578946;0.84
n52;803;0.12571428571428572;0.9166666666666666;724;0.13924050632911392;0.9166666666666666;575;0.17557251908396945;0.9583333333333334;697;0.14285714285714285;0.9166666666666666;687;0.16058394160583941;0.9166666666666666;658;0.15827338129496402;0.9166666666666666;678;0.15714285714285714;0.9166666666666666;646;0.16083916083916083;0.9583333333333334
n53;684;0.2108843537414966;0.7948717948717948;727;0.18292682926829268;0.7692307692307693;726;0.18902439024390244;0.7948717948717948;700;0.19863013698630136;0.7435897435897436;659;0.19607843137254902;0.7692307692307693;691;0.20261437908496732;0.7948717948717948;664;0.19480519480519481;0.7692307692307693;647;0.2152777777777778;0.7948717948717948
n54;764;0.17297297297297298;0.7619047619047619;769;0.18497109826589594;0.7619047619047619;762;0.19540229885057472;0.8095238095238095;642;0.22972972972972974;0.8095238095238095;787;0.1853932584269663;0.7857142857142857;727;0.18497109826589594;0.7619047619047619;778;0.1797752808988764;0.7619047619047619;674;0.21518987341772153;0.8095238095238095
n55;829;0.11904761904761904;0.6451612903225806;666;0.1610738255033557;0.7741935483870968;893;0.11235955056179775;0.6451612903225806;791;0.13125;0.6774193548387096;781;0.12658227848101267;0.6451612903225806;734;0.13157894736842105;0.6451612903225806;780;0.12738853503184713;0.6451612903225806;753;0.14285714285714285;0.7096774193548387
n56;874;0.165;0.7857142857142857;656;0.09340659340659341;0.40476190476190477;711;0.2236024844720497;0.8571428571428571;734;0.2222222222222222;0.8095238095238095;571;0.1643835616438356;0.5714285714285714;519;0.15384615384615385;0.5238095238095238;565;0.1736111111111111;0.5952380952380952;639;0.23129251700680273;0.8095238095238095
n57;615;0.2229299363057325;0.8536585365853658;630;0.22535211267605634;0.7804878048780488;645;0.2727272727272727;0.8780487804878049;708;0.23333333333333334;0.8536585365853658;526;0.2764227642276423;0.8292682926829268;515;0.28695652173913044;0.8048780487804879;539;0.2764227642276423;0.8292682926829268;646;0.25;0.8536585365853658
n58;2844;0.011015911872705019;0.19148936170212766;1042;0.06907894736842106;0.44680851063829785;2839;0.014457831325301205;0.2553191489361702;1061;0.06862745098039216;0.44680851063829785;895;0.005714285714285714;0.0425531914893617;1568;0.0037243947858473;0.0425531914893617;1005;0.008403361344537815;0.06382978723404255;760;0.10256410256410256;0.5106382978723404
n59;2230;0.0;0.0;3703;0.003929273084479371;0.13333333333333333;3534;0.009278350515463918;0.3;3220;0.003579952267303103;0.1;4066;0.0;0.0;996;0.0029585798816568047;0.03333333333333333;4125;0.0;0.0;3069;0.00681044267877412;0.2
n60;238;0.22950819672131148;0.9333333333333333;268;0.2153846153846154;0.9333333333333333;187;0.27450980392156865;0.9333333333333333;272;0.20588235294117646;0.9333333333333333;285;0.1891891891891892;0.9333333333333333;271;0.203125;0.8666666666666667;285;0.19718309859154928;0.9333333333333333;263;0.21875;0.9333333333333333
n61;2321;0.05161290322580645;0.8571428571428571;1848;0.0696969696969697;0.8214285714285714;1874;0.08064516129032258;0.8928571428571429;1887;0.08196721311475409;0.8928571428571429;2069;0.061170212765957445;0.8214285714285714;3534;0.016241299303944315;0.5;1771;0.08247422680412371;0.8571428571428571;1969;0.07418397626112759;0.8928571428571429
n62;850;0.02631578947368421;0.10294117647058823;1083;0.061224489795918366;0.2647058823529412;865;0.04230769230769231;0.16176470588235295;1101;0.05466237942122187;0.25;909;0.06329113924050633;0.22058823529411764;713;0.0;0.0;914;0.06382978723404255;0.22058823529411764;865;0.15789473684210525;0.5294117647058824
n63;2105;0.0702576112412178;0.625;2072;0.012658227848101266;0.14583333333333334;2429;0.011804384485666104;0.14583333333333334;2272;0.012522361359570662;0.14583333333333334;2273;0.040160642570281124;0.4166666666666667;2241;0.006734006734006734;0.08333333333333333;2274;0.04073319755600815;0.4166666666666667;1779;0.0782122905027933;0.5833333333333334
n64;1467;0.04276315789473684;0.5;1177;0.052;0.5;1202;0.06060606060606061;0.5384615384615384;1390;0.057692307692307696;0.5769230769230769;1371;0.07251908396946564;0.7307692307692307;1360;0.0749063670411985;0.7692307692307693;1368;0.07279693486590039;0.7307692307692307;1370;0.0703125;0.6923076923076923
n65;2200;0.03926701570680628;0.7142857142857143;1997;0.040697674418604654;0.6666666666666666;2097;0.046511627906976744;0.7619047619047619;2046;0.04984423676012461;0.7619047619047619;1948;0.046052631578947366;0.6666666666666666;2762;0.0;0.0;1948;0.053691275167785234;0.7619047619047619;2044;0.049689440993788817;0.7619047619047619
n66;2033;0.028462998102466792;0.4838709677419355;735;0.0989010989010989;0.5806451612903226;1092;0.04744525547445255;0.41935483870967744;758;0.06806282722513089;0.41935483870967744;658;0.08496732026143791;0.41935483870967744;631;0.1038961038961039;0.5161290322580645;668;0.08496732026143791;0.41935483870967744;903;0.05701754385964912;0.41935483870967744
n67;1174;0.049107142857142856;0.6111111111111112;1016;0.0893854748603352;0.8888888888888888;1069;0.08673469387755102;0.9444444444444444;1010;0.1069182389937107;0.9444444444444444;1091;0.09289617486338798;0.9444444444444444;1094;0.09289617486338798;0.9444444444444444;1090;0.08994708994708994;0.9444444444444444;845;0.01694915254237288;0.16666666666666666
n68;1096;0.07906976744186046;0.68;1156;0.07142857142857142;0.64;1837;0.002178649237472767;0.04;993;0.012195121951219513;0.12;609;0.025;0.16;188;0.012195121951219513;0.04;608;0.025;0.16;1016;0.06701030927835051;0.52
n69;1009;0.125;0.84375;1081;0.09691629955947137;0.6875;932;0.13917525773195877;0.84375;891;0.1404494382022472;0.78125;934;0.12560386473429952;0.8125;893;0.13612565445026178;0.8125;993;0.09821428571428571;0.6875;957;0.13756613756613756;0.8125
n70;731;0.03669724770642202;0.08333333333333333;1350;0.11559139784946236;0.4479166666666667;1632;0.1108433734939759;0.4791666666666667;1260;0.13793103448275862;0.5;1332;0.12430939226519337;0.46875;1342;0.13165266106442577;0.4895833333333333;1692;0.07783018867924528;0.34375;1304;0.13920454545454544;0.5104166666666666
n71;2253;0.07552083333333333;0.58;2395;0.07435897435897436;0.58;2284;0.07526881720430108;0.56;2263;0.078125;0.6;2229;0.08152173913043478;0.6;2283;0.06635071090047394;0.56;2227;0.08356545961002786;0.6;2309;0.07575757575757576;0.6
n72;2354;0.09090909090909091;0.75;2401;0.07552083333333333;0.6590909090909091;2553;0.08395061728395062;0.7727272727272727;2451;0.08290155440414508;0.7272727272727273;2543;0.08312342569269521;0.75;2518;0.03587443946188341;0.36363636363636365;2397;0.08310991957104558;0.7045454545454546;2508;0.0829145728643216;0.75
n73;4014;0.041474654377880185;0.675;4817;0.03636363636363636;0.7;3865;0.040372670807453416;0.65;3741;0.05226480836236934;0.75;3992;0.04552590266875981;0.725;3879;0.04538087520259319;0.7;3978;0.04552590266875981;0.725;3664;0.05309734513274336;0.75
n74;1531;0.007042253521126761;0.13333333333333333;762;0.07317073170731707;0.8;835;0.07777777777777778;0.9333333333333333;733;0.07947019867549669;0.8;757;0.037267080745341616;0.4;765;0.03592814371257485;0.4;751;0.03680981595092025;0.4;661;0.104;0.8666666666666667
n75;421;0.17647058823529413;0.8823529411764706;414;0.16666666666666666;0.8823529411764706;404;0.17045454545454544;0.8823529411764706;398;0.18072289156626506;0.8823529411764706;427;0.15306122448979592;0.8823529411764706;422;0.15625;0.8823529411764706;430;0.15151515151515152;0.8823529411764706;448;0.16483516483516483;0.8823529411764706
n76;478;0.12380952380952381;0.8125;488;0.1388888888888889;0.9375;395;0.11363636363636363;0.625;461;0.1368421052631579;0.8125;454;0.14583333333333334;0.875;452;0.15053763440860216;0.875;456;0.14583333333333334;0.875;447;0.13131313131313133;0.8125
n77;1024;0.08383233532934131;0.6666666666666666;998;0.10975609756097561;0.8571428571428571;1055;0.08092485549132948;0.6666666666666666;1021;0.0736196319018405;0.5714285714285714;975;0.0880503144654088;0.6666666666666666;971;0.0875;0.6666666666666666;975;0.08860759493670886;0.6666666666666666;952;0.08;0.5714285714285714
n78;1299;0.102803738317757;0.7586206896551724;1250;0.10185185185185185;0.7586206896551724;1261;0.10344827586206896;0.7241379310344828;1232;0.10945273631840796;0.7586206896551724;1197;0.09844559585492228;0.6551724137931034;1192;0.1;0.6551724137931034;1197;0.09895833333333333;0.6551724137931034;1288;0.1050228310502283;0.7931034482758621
n79;2199;0.05642023346303502;0.5576923076923077;1309;0.13167259786476868;0.7115384615384616;1452;0.10094637223974763;0.6153846153846154;1288;0.13765182186234817;0.6538461538461539;1581;0.10030395136778116;0.6346153846153846;1387;0.10344827586206896;0.6346153846153846;1327;0.09698996655518395;0.5576923076923077;715;0.05699481865284974;0.21153846153846154
n80;1139;0.12844036697247707;0.7567567567567568;1120;0.1141552511415525;0.6756756756756757;1155;0.12442396313364056;0.7297297297297297;1032;0.09777777777777778;0.5945945945945946;1215;0.1206896551724138;0.7567567567567568;273;0.0;0.0;1234;0.12017167381974249;0.7567567567567568;1137;0.09956709956709957;0.6216216216216216
n81;1327;0.043478260869565216;0.7692307692307693;1297;0.046296296296296294;0.7692307692307693;1327;0.04608294930875576;0.7692307692307693;1243;0.050761421319796954;0.7692307692307693;1193;0.03571428571428571;0.5384615384615384;1178;0.03608247422680412;0.5384615384615384;1196;0.03535353535353535;0.5384615384615384;1216;0.05319148936170213;0.7692307692307693
n82;1442;0.0931174089068826;0.696969696969697;1723;0.05351170568561873;0.48484848484848486;1448;0.09387755102040816;0.696969696969697;1549;0.08494208494208494;0.6666666666666666;1507;0.07307692307692308;0.5757575757575758;1461;0.039603960396039604;0.36363636363636365;1513;0.07224334600760456;0.5757575757575758;1571;0.08178438661710037;0.6666666666666666
n83;1623;0.08391608391608392;0.7272727272727273;1566;0.06020066889632107;0.5454545454545454;1665;0.07718120805369127;0.696969696969697;1607;0.08303249097472924;0.696969696969697;1413;0.05818181818181818;0.48484848484848486;1269;0.053231939163498096;0.42424242424242425;1391;0.05818181818181818;0.48484848484848486;1578;0.08273381294964029;0.696969696969697
n84;1469;0.08333333333333333;0.7241379310344828;1484;0.07954545454545454;0.7241379310344828;1312;0.09251101321585903;0.7241379310344828;1412;0.08677685950413223;0.7241379310344828;1309;0.09210526315789473;0.7241379310344828;1327;0.09292035398230089;0.7241379310344828;1317;0.09292035398230089;0.7241379310344828;1341;0.0875;0.7241379310344828
n85;1548;0.13580246913580246;0.8918918918918919;1504;0.13865546218487396;0.8918918918918919;1526;0.12903225806451613;0.8648648648648649;1506;0.12955465587044535;0.8648648648648649;1538;0.13360323886639677;0.8918918918918919;1514;0.11923076923076924;0.8378378378378378;1506;0.13389121338912133;0.8648648648648649;1542;0.12698412698412698;0.8648648648648649
n86;1033;0.1324200913242009;0.6444444444444445;1056;0.1261682242990654;0.6;1066;0.11261261261261261;0.5555555555555556;945;0.1267605633802817;0.6;686;0.0872093023255814;0.3333333333333333;1190;0.1038961038961039;0.5333333333333333;706;0.08333333333333333;0.3111111111111111;1224;0.12446351931330472;0.6444444444444445
n87;1047;0.1065989847715736;0.525;1102;0.165;0.825;895;0.09239130434782608;0.425;1103;0.09950248756218906;0.5;1236;0.15813953488372093;0.85;1306;0.15625;0.875;1200;0.1722488038277512;0.9;1150;0.1794871794871795;0.875
n88;1382;0.13580246913580246;0.8048780487804879;1427;0.12863070539419086;0.7560975609756098;1449;0.1274131274131274;0.8048780487804879;1419;0.14225941422594143;0.8292682926829268;1407;0.1306122448979592;0.7804878048780488;1453;0.1375;0.8048780487804879;1477;0.1346938775510204;0.8048780487804879;1419;0.136;0.8292682926829268
n89;1538;0.12867647058823528;0.7608695652173914;1327;0.1297071129707113;0.6739130434782609;1327;0.13877551020408163;0.7391304347826086;1373;0.13692946058091288;0.717391304347826;1303;0.1271186440677966;0.6521739130434783;1500;0.08163265306122448;0.5217391304347826;1277;0.14042553191489363;0.717391304347826;1390;0.12903225806451613;0.6956521739130435
n90;170;0.0;0.0;2455;0.02696078431372549;0.5238095238095238;2464;0.02696078431372549;0.5238095238095238;2073;0.014164305949008499;0.23809523809523808;169;0.0;0.0;154;0.0;0.0;1938;0.03133903133903134;0.5238095238095238;172;0.0;0.0
n91;2288;0.01662049861495845;0.35294117647058826;6704;0.0005344735435595938;0.058823529411764705;131;0.0;0.0;137;0.0;0.0;257;0.0;0.0;254;0.0;0.0;261;0.0;0.0;1548;0.007518796992481203;0.11764705882352941
n92;512;0.10989010989010989;0.8333333333333334;425;0.09375;0.75;429;0.06451612903225806;0.5;507;0.0594059405940594;0.5;301;0.08974358974358974;0.5833333333333334;346;0.125;0.8333333333333334;325;0.08571428571428572;0.5;515;0.12222222222222222;0.9166666666666666
n93;4867;0.012903225806451613;0.37037037037037035;2109;0.002564102564102564;0.037037037037037035;2711;0.0087527352297593;0.14814814814814814;2350;0.005235602094240838;0.07407407407407407;2120;0.002398081534772182;0.037037037037037035;1061;0.0031645569620253164;0.037037037037037035;2099;0.0024449877750611247;0.037037037037037035;2946;0.006185567010309278;0.1111111111111111
n94;2087;0.12692307692307692;0.8461538461538461;2040;0.08156028368794327;0.5897435897435898;1897;0.13414634146341464;0.8461538461538461;2308;0.11604095563139932;0.8717948717948718;2505;0.10461538461538461;0.8717948717948718;2483;0.10149253731343283;0.8717948717948718;2438;0.11147540983606558;0.8717948717948718;2423;0.10658307210031348;0.8717948717948718
n95;2881;0.04504504504504504;0.8;2686;0.04941176470588235;0.84;2722;0.026530612244897958;0.52;3119;0.042105263157894736;0.8;3080;0.01890359168241966;0.4;3099;0.02676864244741874;0.56;3077;0.018975332068311195;0.4;2946;0.02976190476190476;0.6
n96;1695;0.0;0.0;2907;0.06896551724137931;0.8;2983;0.05970149253731343;0.6857142857142857;2767;0.06788511749347259;0.7428571428571429;514;0.023809523809523808;0.08571428571428572;459;0.0;0.0;2670;0.035545023696682464;0.42857142857142855;324;0.0;0.0
n97;1386;0.12017167381974249;0.9032258064516129;1376;0.09913793103448276;0.7419354838709677;1342;0.10043668122270742;0.7419354838709677;1224;0.11737089201877934;0.8064516129032258;1263;0.0794392523364486;0.5483870967741935;1290;0.10185185185185185;0.7096774193548387;1264;0.08530805687203792;0.5806451612903226;1387;0.12173913043478261;0.9032258064516129
n98;156;0.02;0.045454545454545456;2817;0.03695652173913044;0.7727272727272727;2798;0.04205607476635514;0.8181818181818182;2726;0.041463414634146344;0.7727272727272727;2110;0.013953488372093023;0.2727272727272727;2061;0.014423076923076924;0.2727272727272727;2089;0.014184397163120567;0.2727272727272727;176;0.0;0.0
n99;1728;0.0812720848056537;0.6216216216216216;1890;0.07051282051282051;0.5945945945945946;1929;0.06535947712418301;0.5405405405405406;1875;0.0896551724137931;0.7027027027027027;1877;0.09375;0.7297297297297297;1923;0.09523809523809523;0.7567567567567568;1877;0.09407665505226481;0.7297297297297297;1752;0.09712230215827339;0.7297297297297297
n100;1748;0.11808118081180811;0.8421052631578947;1863;0.062111801242236024;0.5263157894736842;1669;0.0821917808219178;0.631578947368421;1866;0.07975460122699386;0.6842105263157895;1830;0.1103202846975089;0.8157894736842105;1969;0.08441558441558442;0.6842105263157895;1833;0.10915492957746478;0.8157894736842105;1683;0.10211267605633803;0.7631578947368421
v1;238;0.33962264150943394;0.8571428571428571;237;0.3137254901960784;0.7619047619047619;242;0.3157894736842105;0.8571428571428571;260;0.32142857142857145;0.8571428571428571;245;0.36538461538461536;0.9047619047619048;513;0.04964539007092199;0.3333333333333333;252;0.34545454545454546;0.9047619047619048;258;0.31666666666666665;0.9047619047619048
v2;1693;0.0064516129032258064;0.125;2257;0.029490616621983913;0.6875;1884;0.030395136778115502;0.625;2195;0.01366120218579235;0.3125;2260;0.0215633423180593;0.5;2211;0.02168021680216802;0.5;2265;0.021220159151193633;0.5;2645;0.022573363431151242;0.625
v3;1129;0.023668639053254437;0.4444444444444444;1267;0.031578947368421054;0.6666666666666666;1042;0.055900621118012424;1.0;1266;0.05113636363636364;1.0;1147;0.022988505747126436;0.4444444444444444;1208;0.0213903743315508;0.4444444444444444;1142;0.023121387283236993;0.4444444444444444;1238;0.020512820512820513;0.4444444444444444
v4;730;0.0;0.0;405;0.0;0.0;369;0.22340425531914893;0.42857142857142855;287;0.3181818181818182;0.5714285714285714;388;0.42424242424242425;0.8571428571428571;388;0.42;0.8571428571428571;389;0.4387755102040816;0.8775510204081632;427;0.0;0.0
v5;1565;0.037037037037037035;1.0;1554;0.038461538461538464;1.0;1539;0.03902439024390244;1.0;1521;0.038834951456310676;1.0;1476;0.03864734299516908;1.0;1452;0.018691588785046728;0.5;1391;0.039603960396039604;1.0;1522;0.03773584905660377;1.0
v6;1522;0.0657439446366782;0.6333333333333333;1453;0.0684931506849315;0.6666666666666666;1324;0.06934306569343066;0.6333333333333333;1420;0.06884057971014493;0.6333333333333333;1398;0.06691449814126393;0.6;1237;0.06227106227106227;0.5666666666666667;1348;0.06545454545454546;0.6;1416;0.07037037037037037;0.6333333333333333
v7;3664;0.08901515151515152;0.734375;3583;0.07518796992481203;0.625;3632;0.0888468809073724;0.734375;3526;0.07034220532319392;0.578125;3619;0.08395522388059702;0.703125;3414;0.05311355311355311;0.453125;3636;0.08598130841121496;0.71875;3593;0.08687615526802218;0.734375
v8;3628;0.09362549800796813;0.734375;3585;0.09126984126984126;0.71875;3698;0.09021113243761997;0.734375;3709;0.08695652173913043;0.71875;3707;0.09021113243761997;0.734375;3702;0.08620689655172414;0.703125;3648;0.08952380952380952;0.734375;3645;0.09448818897637795;0.75
v9;840;0.14093959731543623;0.9130434782608695;720;0.1926605504587156;0.9130434782608695;785;0.1721311475409836;0.9130434782608695;695;0.19444444444444445;0.9130434782608695;721;0.1926605504587156;0.9130434782608695;808;0.03932584269662921;0.30434782608695654;775;0.16153846153846155;0.9130434782608695;765;0.16153846153846155;0.9130434782608695
v10;528;0.25210084033613445;0.9090909090909091;537;0.234375;0.9090909090909091;526;0.2542372881355932;0.9090909090909091;518;0.25862068965517243;0.9090909090909091;528;0.25;0.9090909090909091;515;0.225;0.8181818181818182;532;0.24793388429752067;0.9090909090909091;497;0.26548672566371684;0.9090909090909091
v11;2753;0.06345733041575492;0.6904761904761905;2891;0.06609808102345416;0.7380952380952381;2881;0.05719921104536489;0.6904761904761905;2673;0.06775700934579439;0.6904761904761905;2738;0.06192660550458716;0.6428571428571429;2748;0.0625;0.6428571428571429;2744;0.060948081264108354;0.6428571428571429;2693;0.06697459584295612;0.6904761904761905
v12;303;0.0;0.0;302;0.0;0.0;289;0.0;0.0;331;0.0;0.0;320;0.0;0.0;290;0.0;0.0;319;0.0;0.0;328;0.0;0.0
v13;2322;0.04392764857881137;0.6071428571428571;2451;0.04488778054862843;0.6428571428571429;2432;0.04285714285714286;0.6428571428571429;2284;0.0521978021978022;0.6785714285714286;2400;0.05141388174807198;0.7142857142857143;2429;0.05037783375314862;0.7142857142857143;2403;0.05089058524173028;0.7142857142857143;2326;0.05121293800539083;0.6785714285714286
v14;553;0.009708737864077669;0.043478260869565216;2160;0.001303780964797914;0.021739130434782608;448;0.0;0.0;370;0.0;0.0;1787;0.08498583569405099;0.6521739130434783;1548;0.09657320872274143;0.6739130434782609;1811;0.08450704225352113;0.6521739130434783;335;0.02127659574468085;0.043478260869565216
v15;2102;0.045454545454545456;0.7777777777777778;2031;0.03785488958990536;0.6666666666666666;1951;0.04406779661016949;0.7222222222222222;1921;0.047619047619047616;0.7222222222222222;1792;0.0066815144766146995;0.16666666666666666;2183;0.04229607250755287;0.7777777777777778;461;0.006756756756756757;0.05555555555555555;1986;0.04912280701754386;0.7777777777777778
v16;739;0.14917127071823205;0.627906976744186;3147;0.02771618625277162;0.5813953488372093;770;0.09950248756218906;0.46511627906976744;745;0.13953488372093023;0.5581395348837209;1297;0.039119804400977995;0.37209302325581395;928;0.10176991150442478;0.5348837209302325;1208;0.04215456674473068;0.4186046511627907;772;0.10526315789473684;0.46511627906976744
v17;990;0.12658227848101267;0.6976744186046512;5510;0.004733727810650888;0.18604651162790697;3987;0.030362389813907934;0.7209302325581395;1062;0.11721611721611722;0.7441860465116279;2604;0.036585365853658534;0.627906976744186;933;0.14285714285714285;0.6744186046511628;3039;0.03333333333333333;0.6744186046511628;793;0.12755102040816327;0.5813953488372093
v18;4423;0.0;0.0;4507;0.0;0.0;4802;0.0007097232079489;0.1;2633;0.0;0.0;3804;0.0;0.0;2061;0.0;0.0;3774;0.0;0.0;494;0.0058823529411764705;0.1
v19;3491;0.04240282685512368;0.7272727272727273;3516;0.043327556325823226;0.7575757575757576;3523;0.042328042328042326;0.7272727272727273;3181;0.04563492063492063;0.696969696969697;3186;0.02952029520295203;0.48484848484848486;3422;0.03684210526315789;0.6363636363636364;3456;0.04136690647482014;0.696969696969697;3387;0.04364326375711575;0.696969696969697
v20;2461;0.0045045045045045045;0.08695652173913043;2434;0.004597701149425287;0.08695652173913043;2372;0.004524886877828055;0.08695652173913043;2269;0.0053475935828877;0.08695652173913043;2214;0.00546448087431694;0.08695652173913043;2194;0.00546448087431694;0.08695652173913043;2221;0.005449591280653951;0.08695652173913043;2188;0.00558659217877095;0.08695652173913043
v21;3218;0.0;0.0;2436;0.0;0.0;2256;0.0;0.0;2254;0.0;0.0;1926;0.0;0.0;1931;0.0;0.0;2053;0.0;0.0;2562;0.0;0.0
v22;115;0.42857142857142855;0.6666666666666666;111;0.4696969696969697;0.6888888888888889;113;0.48484848484848486;0.7111111111111111;114;0.4626865671641791;0.6888888888888889;128;0.43478260869565216;0.6666666666666666;130;0.43478260869565216;0.6666666666666666;121;0.42028985507246375;0.6444444444444445;115;0.44776119402985076;0.6666666666666666
v23;1881;0.08547008547008547;0.6666666666666666;1955;0.09375;0.7333333333333333;1990;0.09217877094972067;0.7333333333333333;1988;0.09195402298850575;0.7111111111111111;1915;0.08908045977011494;0.6888888888888889;1853;0.09166666666666666;0.7333333333333333;2032;0.08241758241758242;0.6666666666666666;1930;0.09411764705882353;0.7111111111111111
v24;388;0.0;0.0;275;0.0;0.0;299;0.0;0.0;196;0.0;0.0;173;0.0;0.0;364;0.022222222222222223;0.125;170;0.0;0.0;223;0.0;0.0
v25;552;0.02666666666666667;0.25;672;0.020618556701030927;0.25;523;0.0392156862745098;0.375;405;0.045871559633027525;0.3125;500;0.02962962962962963;0.25;434;0.05;0.375;510;0.02877697841726619;0.25;423;0.046153846153846156;0.375
v26;761;0.058823529411764705;0.6875;669;0.06321839080459771;0.6875;784;0.05472636815920398;0.6875;712;0.07228915662650602;0.75;638;0.06289308176100629;0.625;605;0.06289308176100629;0.625;634;0.0625;0.625;583;0.08163265306122448;0.75
v27;1539;0.0326530612244898;0.7272727272727273;1571;0.032;0.7272727272727273;1545;0.03305785123966942;0.7272727272727273;1544;0.03404255319148936;0.7272727272727273;1529;0.032388663967611336;0.7272727272727273;1439;0.037209302325581395;0.7272727272727273;1510;0.034334763948497854;0.7272727272727273;1509;0.03404255319148936;0.7272727272727273
v28;1628;0.044897959183673466;0.7857142857142857;1580;0.045454545454545456;0.7857142857142857;1608;0.045081967213114756;0.7857142857142857;1539;0.04721030042918455;0.7857142857142857;1542;0.048034934497816595;0.7857142857142857;1383;0.043478260869565216;0.7142857142857143;1547;0.04741379310344827;0.7857142857142857;1555;0.05128205128205128;0.8571428571428571
v29;1680;0.044715447154471545;0.7857142857142857;1612;0.0411522633744856;0.7142857142857143;1624;0.04583333333333333;0.7857142857142857;1577;0.04782608695652174;0.7857142857142857;1675;0.044;0.7857142857142857;1506;0.03137254901960784;0.5714285714285714;1635;0.046218487394957986;0.7857142857142857;1621;0.046413502109704644;0.7857142857142857
v30;1853;0.03767123287671233;0.7333333333333333;1903;0.03754266211604096;0.7333333333333333;1912;0.03728813559322034;0.7333333333333333;1856;0.03873239436619718;0.7333333333333333;1879;0.03900709219858156;0.7333333333333333;1885;0.038869257950530034;0.7333333333333333;1882;0.03873239436619718;0.7333333333333333;1777;0.04150943396226415;0.7333333333333333
v31;786;0.1743119266055046;0.9047619047619048;753;0.18095238095238095;0.9047619047619048;779;0.18095238095238095;0.9047619047619048;793;0.16521739130434782;0.9047619047619048;713;0.17592592592592593;0.9047619047619048;756;0.1743119266055046;0.9047619047619048;716;0.1743119266055046;0.9047619047619048;755;0.18446601941747573;0.9047619047619048
v32;2812;0.0106544901065449;0.16279069767441862;7849;0.0019011406844106464;0.09302325581395349;7623;0.004997501249375313;0.23255813953488372;5271;0.009985734664764621;0.32558139534883723;5689;0.0048712595685455815;0.16279069767441862;2782;0.047685834502103785;0.7906976744186046;5736;0.004158004158004158;0.13953488372093023;361;0.008264462809917356;0.023255813953488372
v33;603;0.0703125;0.6428571428571429;632;0.06521739130434782;0.6428571428571429;600;0.06923076923076923;0.6428571428571429;579;0.07692307692307693;0.6428571428571429;607;0.07258064516129033;0.6428571428571429;590;0.07317073170731707;0.6428571428571429;599;0.07377049180327869;0.6428571428571429;568;0.07758620689655173;0.6428571428571429
v34;1609;0.0842911877394636;0.9565217391304348;1620;0.08300395256916997;0.9130434782608695;1639;0.08108108108108109;0.9130434782608695;1551;0.08641975308641975;0.9130434782608695;1725;0.07092198581560284;0.8695652173913043;1666;0.08208955223880597;0.9565217391304348;1675;0.07636363636363637;0.9130434782608695;1641;0.08139534883720931;0.9130434782608695
v35;534;0.10884353741496598;0.6153846153846154;887;0.0;0.0;1228;0.0;0.0;387;0.0;0.0;529;0.0;0.0;571;0.0;0.0;484;0.0;0.0;474;0.13636363636363635;0.6923076923076923
v36;761;0.17424242424242425;0.8846153846153846;807;0.16312056737588654;0.8846153846153846;798;0.16546762589928057;0.8846153846153846;784;0.17293233082706766;0.8846153846153846;786;0.1678832116788321;0.8846153846153846;813;0.16312056737588654;0.8846153846153846;789;0.16666666666666666;0.8846153846153846;801;0.16428571428571428;0.8846153846153846
v37;553;0.14583333333333334;0.7241379310344828;578;0.13815789473684212;0.7241379310344828;592;0.14864864864864866;0.7586206896551724;577;0.13071895424836602;0.6896551724137931;651;0.07567567567567568;0.4827586206896552;597;0.09248554913294797;0.5517241379310345;658;0.07407407407407407;0.4827586206896552;514;0.16666666666666666;0.7586206896551724
v38;1786;0.0;0.0;2629;0.0;0.0;2185;0.00303951367781155;0.2;960;0.007633587786259542;0.2;2157;0.0015060240963855422;0.1;2146;0.0015220700152207;0.1;2157;0.0015128593040847202;0.1;877;0.0;0.0
v39;1027;0.023809523809523808;0.6666666666666666;885;0.021739130434782608;0.5;974;0.028985507246376812;0.6666666666666666;935;0.02702702702702703;0.6666666666666666;989;0.01935483870967742;0.5;880;0.006802721088435374;0.16666666666666666;787;0.026785714285714284;0.5;1020;0.017964071856287425;0.5
v40;627;0.044444444444444446;0.6666666666666666;754;0.04504504504504504;0.8333333333333334;741;0.037037037037037035;0.6666666666666666;711;0.049019607843137254;0.8333333333333334;709;0.0425531914893617;0.6666666666666666;629;0.047058823529411764;0.6666666666666666;724;0.043010752688172046;0.6666666666666666;668;0.041666666666666664;0.6666666666666666
v41;1126;0.03902439024390244;0.6666666666666666;1038;0.008547008547008548;0.16666666666666666;1126;0.037914691943127965;0.6666666666666666;1037;0.02197802197802198;0.3333333333333333;1187;0.01195219123505976;0.25;1101;0.003355704697986577;0.08333333333333333;1171;0.012096774193548387;0.25;1021;0.030612244897959183;0.5
v42;523;0.16831683168316833;0.8095238095238095;605;0.13709677419354838;0.8095238095238095;537;0.16037735849056603;0.8095238095238095;527;0.1650485436893204;0.8095238095238095;533;0.1650485436893204;0.8095238095238095;534;0.16666666666666666;0.8095238095238095;540;0.16666666666666666;0.8095238095238095;535;0.1588785046728972;0.8095238095238095
v43;521;0.1891891891891892;0.8076923076923077;563;0.168;0.8076923076923077;498;0.19626168224299065;0.8076923076923077;519;0.1891891891891892;0.8076923076923077;509;0.1926605504587156;0.8076923076923077;507;0.19090909090909092;0.8076923076923077;505;0.19090909090909092;0.8076923076923077;517;0.18181818181818182;0.7692307692307693
v44;2133;0.016286644951140065;0.8333333333333334;1992;0.00946372239747634;0.5;2124;0.016611295681063124;0.8333333333333334;2091;0.017123287671232876;0.8333333333333334;2052;0.016835016835016835;0.8333333333333334;1455;0.003389830508474576;0.16666666666666666;2043;0.016891891891891893;0.8333333333333334;2110;0.016666666666666666;0.8333333333333334
v45;1013;0.01818181818181818;0.75;985;0.019867549668874173;0.75;723;0.008695652173913044;0.25;855;0.03125;1.0;830;0.028985507246376812;1.0;1883;0.00881057268722467;1.0;834;0.028169014084507043;1.0;987;0.02666666666666667;1.0
v46;1103;0.050761421319796954;0.625;1257;0.05803571428571429;0.8125;1459;0.04741379310344827;0.6875;1129;0.06741573033707865;0.75;1251;0.04784688995215311;0.625;1347;0.04219409282700422;0.625;1254;0.047619047619047616;0.625;1446;0.0502092050209205;0.75
v47;896;0.06802721088435375;0.625;896;0.0650887573964497;0.6875;875;0.08275862068965517;0.75;870;0.07913669064748201;0.6875;953;0.056818181818181816;0.625;978;0.055865921787709494;0.625;959;0.05649717514124294;0.625;975;0.07453416149068323;0.75
v48;1557;0.10507246376811594;0.6590909090909091;1050;0.1288888888888889;0.6590909090909091;1613;0.10139860139860139;0.6590909090909091;1397;0.11553784860557768;0.6590909090909091;1331;0.11196911196911197;0.6590909090909091;1383;0.10546875;0.6136363636363636;1234;0.1018867924528302;0.6136363636363636;1561;0.11636363636363636;0.7272727272727273
v49;687;0.10344827586206896;1.0;605;0.08333333333333333;0.6666666666666666;656;0.0975609756097561;0.8;587;0.10526315789473684;0.8;580;0.05555555555555555;0.4666666666666667;613;0.05303030303030303;0.4666666666666667;566;0.05511811023622047;0.4666666666666667;612;0.13043478260869565;1.0
v50;711;0.11038961038961038;0.7391304347826086;712;0.13125;0.9130434782608695;621;0.12413793103448276;0.782608695652174;652;0.16541353383458646;0.9565217391304348;564;0.06993006993006994;0.43478260869565216;558;0.09090909090909091;0.5217391304347826;564;0.06944444444444445;0.43478260869565216;662;0.13768115942028986;0.8260869565217391
v51;598;0.05844155844155844;0.391304347826087;644;0.0650887573964497;0.4782608695652174;425;0.09090909090909091;0.43478260869565216;488;0.0743801652892562;0.391304347826087;488;0.0703125;0.391304347826087;490;0.06521739130434782;0.391304347826087;495;0.06976744186046512;0.391304347826087;540;0.061068702290076333;0.34782608695652173
v52;2248;0.0659025787965616;0.7666666666666667;2294;0.05945945945945946;0.7333333333333333;2159;0.038781163434903045;0.4666666666666667;2242;0.0744047619047619;0.8333333333333334;3509;0.00331858407079646;0.1;3493;0.0033259423503325942;0.1;3516;0.004489337822671156;0.13333333333333333;2283;0.07803468208092486;0.9
v53;388;0.045871559633027525;0.38461538461538464;351;0.054945054945054944;0.38461538461538464;429;0.0423728813559322;0.38461538461538464;299;0.06329113924050633;0.38461538461538464;316;0.009174311926605505;0.07692307692307693;347;0.027777777777777776;0.23076923076923078;334;0.009259259259259259;0.07692307692307693;287;0.0625;0.38461538461538464
v54;497;0.152;0.7037037037037037;634;0.08771929824561403;0.5555555555555556;679;0.10919540229885058;0.7037037037037037;499;0.13385826771653545;0.6296296296296297;507;0.012048192771084338;0.07407407407407407;612;0.015873015873015872;0.1111111111111111;712;0.013513513513513514;0.1111111111111111;502;0.13559322033898305;0.5925925925925926
v55;720;0.10714285714285714;0.6176470588235294;681;0.0979381443298969;0.5588235294117647;660;0.13541666666666666;0.7647058823529411;560;0.1643835616438356;0.7058823529411765;330;0.0;0.0;224;0.0;0.0;334;0.0;0.0;561;0.1038961038961039;0.47058823529411764
v56;931;0.0;0.0;942;0.11952191235059761;0.7692307692307693;1343;0.0705521472392638;0.5897435897435898;1181;0.11742424242424243;0.7948717948717948;1271;0.08783783783783784;0.6666666666666666;1300;0.08417508417508418;0.6410256410256411;1294;0.087248322147651;0.6666666666666666;279;0.0;0.0
v57;556;0.05102040816326531;0.8333333333333334;300;0.11764705882352941;1.0;376;0.08333333333333333;1.0;631;0.054945054945054944;0.8333333333333334;810;0.038461538461538464;0.8333333333333334;796;0.03731343283582089;0.8333333333333334;746;0.04132231404958678;0.8333333333333334;723;0.04854368932038835;0.8333333333333334
v58;1105;0.05319148936170213;0.6666666666666666;1076;0.0374331550802139;0.4666666666666667;1081;0.08284023668639054;0.9333333333333333;1050;0.06832298136645963;0.7333333333333333;993;0.00966183574879227;0.13333333333333333;1060;0.008547008547008548;0.13333333333333333;951;0.010416666666666666;0.13333333333333333;1021;0.06451612903225806;0.6666666666666666
v59;814;0.07772020725388601;0.6521739130434783;1301;0.02386634844868735;0.43478260869565216;1252;0.045871559633027525;0.6521739130434783;748;0.12403100775193798;0.6956521739130435;737;0.1111111111111111;0.6521739130434783;632;0.125;0.6956521739130435;620;0.12195121951219512;0.6521739130434783;638;0.12698412698412698;0.6956521739130435
v60;394;0.16666666666666666;0.85;337;0.0967741935483871;0.45;338;0.17346938775510204;0.85;362;0.19101123595505617;0.85;330;0.2222222222222222;0.9;320;0.23076923076923078;0.9;327;0.22784810126582278;0.9;352;0.16091954022988506;0.7
v61;488;0.019736842105263157;0.05454545454545454;769;0.011320754716981131;0.05454545454545454;352;0.02727272727272727;0.05454545454545454;364;0.00909090909090909;0.01818181818181818;362;0.03;0.0625;364;0.01639344262295082;0.03636363636363636;358;0.01680672268907563;0.03636363636363636;360;0.08208955223880597;0.2
v62;989;0.0944206008583691;0.4;4279;0.002005347593582888;0.05454545454545454;450;0.019230769230769232;0.05454545454545454;386;0.025210084033613446;0.05454545454545454;370;0.016260162601626018;0.03636363636363636;370;0.0;0.0;368;0.007246376811594203;0.01818181818181818;1000;0.11255411255411256;0.4727272727272727
v63;1197;0.015037593984962405;0.23529411764705882;792;0.029850746268656716;0.35294117647058826;837;0.05232558139534884;0.5294117647058824;813;0.05625;0.5294117647058824;763;0.08163265306122448;0.7058823529411765;715;0.027777777777777776;0.23529411764705882;717;0.028169014084507043;0.23529411764705882;217;0.013333333333333334;0.058823529411764705
v64;1300;0.007380073800738007;0.2;1259;0.0031545741324921135;0.1;1548;0.005797101449275362;0.2;1218;0.008097165991902834;0.2;1630;0.0024509803921568627;0.1;826;0.03597122302158273;0.5;1475;0.0;0.0;945;0.0;0.0
v65;5471;0.00110803324099723;0.18181818181818182;335;0.01282051282051282;0.09090909090909091;379;0.013333333333333334;0.09090909090909091;323;0.03508771929824561;0.18181818181818182;327;0.08620689655172414;0.45454545454545453;329;0.05454545454545454;0.2727272727272727;328;0.08771929824561403;0.45454545454545453;913;0.03827751196172249;0.7272727272727273
v66;3899;0.0030581039755351682;0.23076923076923078;543;0.08035714285714286;0.6923076923076923;557;0.029411764705882353;0.23076923076923078;570;0.07216494845360824;0.5384615384615384;563;0.06481481481481481;0.5384615384615384;529;0.08333333333333333;0.6153846153846154;568;0.0660377358490566;0.5384615384615384;909;0.020942408376963352;0.3076923076923077
v67;713;0.0;0.0;1798;0.0;0.0;1194;0.01904761904761905;0.6666666666666666;1241;0.026737967914438502;0.8333333333333334;1285;0.013761467889908258;0.5;782;0.020689655172413793;0.5;838;0.026490066225165563;0.6666666666666666;161;0.0;0.0
v68;737;0.046296296296296294;0.8333333333333334;966;0.034482758620689655;0.8333333333333334;996;0.03067484662576687;0.8333333333333334;899;0.03225806451612903;0.6666666666666666;286;0.0;0.0;689;0.013245033112582781;0.3333333333333333;901;0.03007518796992481;0.6666666666666666;866;0.0234375;0.5
v69;1658;0.021367521367521368;0.23809523809523808;900;0.12195121951219512;0.5952380952380952;946;0.16751269035532995;0.7857142857142857;899;0.17647058823529413;0.7857142857142857;1190;0.08035714285714286;0.6428571428571429;1003;0.15165876777251186;0.7619047619047619;1199;0.08484848484848485;0.6666666666666666;983;0.11304347826086956;0.6190476190476191
v70;2187;0.002976190476190476;0.3333333333333333;169;0.06976744186046512;1.0;152;0.06666666666666667;1.0;91;0.09375;1.0;127;0.0;0.0;60;0.0;0.0;120;0.0;0.0;106;0.10714285714285714;1.0
v71;881;0.0;0.0;926;0.0;0.0;892;0.0;0.0;845;0.0;0.0;864;0.0;0.0;889;0.0;0.0;880;0.0;0.0;819;0.0;0.0
v72;984;0.11403508771929824;0.8666666666666667;847;0.13333333333333333;0.8666666666666667;1027;0.10699588477366255;0.8666666666666667;812;0.14444444444444443;0.8666666666666667;972;0.13;0.8666666666666667;793;0.1270718232044199;0.7666666666666667;983;0.12745098039215685;0.8666666666666667;886;0.13756613756613756;0.8666666666666667
v73;793;0.08620689655172414;0.8333333333333334;750;0.1;0.8888888888888888;692;0.10596026490066225;0.8888888888888888;816;0.09467455621301775;0.8888888888888888;570;0.1322314049586777;0.8888888888888888;628;0.13114754098360656;0.8888888888888888;567;0.1322314049586777;0.8888888888888888;762;0.08426966292134831;0.8333333333333334
v74;488;0.1826086956521739;0.84;571;0.17692307692307693;0.92;519;0.19827586206896552;0.92;581;0.19658119658119658;0.92;452;0.21212121212121213;0.84;502;0.18584070796460178;0.84;464;0.21212121212121213;0.84;469;0.2391304347826087;0.88
v75;653;0.0949367088607595;0.5;655;0.14102564102564102;0.7333333333333333;586;0.1386861313868613;0.6333333333333333;700;0.10204081632653061;0.5;656;0.11724137931034483;0.5666666666666667;598;0.12837837837837837;0.6333333333333333;657;0.11564625850340136;0.5666666666666667;636;0.10344827586206896;0.5
v76;316;0.24705882352941178;0.7777777777777778;353;0.16;0.5925925925925926;2745;0.0021929824561403508;0.07407407407407407;1909;0.0;0.0;352;0.08653846153846154;0.3333333333333333;2925;0.002036659877800407;0.07407407407407407;350;0.10784313725490197;0.4074074074074074;354;0.27058823529411763;0.8518518518518519
v77;121;0.0;0.0;2188;0.03235294117647059;0.6875;2230;0.02972972972972973;0.6875;2104;0.03343465045592705;0.6875;120;0.0;0.0;1350;0.0038314176245210726;0.0625;1540;0.003676470588235294;0.0625;127;0.0;0.0
v78;2136;0.026706231454005934;0.9;1923;0.023178807947019868;0.7;2518;0.01728395061728395;0.7;2291;0.018617021276595744;0.7;1799;0.021739130434782608;0.6;1672;0.0;0.0;1941;0.02572347266881029;0.8;2231;0.018617021276595744;0.7
v79;4892;0.0018467220683287165;0.2857142857142857;4066;0.0009191176470588235;0.14285714285714285;5259;0.0008312551953449709;0.14285714285714285;3332;0.0;0.0;339;0.0;0.0;233;0.0;0.0;317;0.0;0.0;2847;0.0016750418760469012;0.14285714285714285
v80;1100;0.06417112299465241;0.6666666666666666;1108;0.06217616580310881;0.6666666666666666;1038;0.06666666666666667;0.6666666666666666;1006;0.08176100628930817;0.7222222222222222;1087;0.06779661016949153;0.6666666666666666;1154;0.05853658536585366;0.6666666666666666;1086;0.06741573033707865;0.6666666666666666;1130;0.06666666666666667;0.6666666666666666
v81;850;0.025477707006369428;0.25;1004;0.06395348837209303;0.6875;941;0.0374331550802139;0.4375;918;0.07228915662650602;0.75;921;0.042105263157894736;0.5;832;0.02531645569620253;0.25;933;0.04145077720207254;0.5;1038;0.06976744186046512;0.75
v82;1076;0.0546448087431694;0.5;1028;0.06077348066298342;0.55;1104;0.06565656565656566;0.65;1037;0.08187134502923976;0.7;1095;0.07853403141361257;0.75;860;0.0;0.0;1097;0.08064516129032258;0.75;1020;0.08383233532934131;0.7
v83;1282;0.06341463414634146;0.5909090909090909;1116;0.053475935828877004;0.45454545454545453;1264;0.057692307692307696;0.5454545454545454;1218;0.06842105263157895;0.5909090909090909;798;0.005128205128205128;0.045454545454545456;858;0.009950248756218905;0.09090909090909091;801;0.005025125628140704;0.045454545454545456;1330;0.059907834101382486;0.5909090909090909
v84;6525;0.0005431830526887561;0.05555555555555555;3782;0.0;0.0;871;0.09302325581395349;0.8888888888888888;1021;0.08839779005524862;0.8888888888888888;762;0.08333333333333333;0.6666666666666666;687;0.128;0.8888888888888888;670;0.09375;0.6666666666666666;2481;0.0;0.0
v85;1710;0.04807692307692308;0.75;1362;0.03474903474903475;0.45;1544;0.04482758620689655;0.65;1644;0.05423728813559322;0.8;1592;0.046263345195729534;0.65;1561;0.057971014492753624;0.8;1589;0.046263345195729534;0.65;1598;0.05172413793103448;0.75
v86;8258;0.0;0.0;5785;0.0;0.0;1354;0.024489795918367346;0.75;1109;0.034482758620689655;0.75;846;0.04487179487179487;0.875;1234;0.037209302325581395;1.0;1244;0.036036036036036036;1.0;5178;0.0;0.0
v87;2237;0.06352941176470588;0.9;2046;0.04608294930875576;0.6666666666666666;2378;0.04086021505376344;0.6333333333333333;2073;0.06267029972752043;0.7666666666666667;1366;0.0;0.0;1366;0.0;0.0;1452;0.0;0.0;2059;0.06;0.8
v88;808;0.046242774566473986;0.6666666666666666;779;0.048484848484848485;0.6666666666666666;693;0.047619047619047616;0.5833333333333334;698;0.0364963503649635;0.4166666666666667;750;0.026490066225165563;0.3333333333333333;738;0.041379310344827586;0.5;739;0.02666666666666667;0.3333333333333333;663;0.06349206349206349;0.6666666666666666
v89;969;0.03333333333333333;0.5833333333333334;838;0.0374331550802139;0.5833333333333334;735;0.03773584905660377;0.5;738;0.05673758865248227;0.6666666666666666;809;0.023121387283236993;0.3333333333333333;754;0.018633540372670808;0.25;805;0.022857142857142857;0.3333333333333333;757;0.06164383561643835;0.75
v90;654;0.0;0.0;2168;0.0013192612137203166;0.030303030303030304;1434;0.038901601830663615;0.5151515151515151;201;0.24390243902439024;0.6060606060606061;474;0.010582010582010581;0.06060606060606061;306;0.15315315315315314;0.5151515151515151;287;0.16666666666666666;0.5454545454545454;282;0.0;0.0
v91;1211;0.0196078431372549;0.5;963;0.021929824561403508;0.5;1103;0.030303030303030304;0.7;1066;0.02304147465437788;0.5;1084;0.025;0.6;1260;0.01968503937007874;0.5;1087;0.020833333333333332;0.5;976;0.028708133971291867;0.6
v92;913;0.005291005291005291;0.07692307692307693;907;0.005208333333333333;0.07692307692307693;871;0.00558659217877095;0.07692307692307693;926;0.0058823529411764705;0.07692307692307693;1061;0.005208333333333333;0.07692307692307693;1044;0.004784688995215311;0.07692307692307693;1092;0.004608294930875576;0.07692307692307693;919;0.006289308176100629;0.07692307692307693
v93;736;0.1437908496732026;0.7857142857142857;725;0.0915032679738562;0.5;724;0.1437908496732026;0.7857142857142857;701;0.15602836879432624;0.7857142857142857;707;0.11486486486486487;0.6071428571428571;760;0.10365853658536585;0.6071428571428571;721;0.11038961038961038;0.6071428571428571;709;0.1597222222222222;0.8214285714285714
v94;2051;0.0;0.0;1902;0.07407407407407407;0.5555555555555556;1885;0.10236220472440945;0.7222222222222222;1875;0.10358565737051793;0.7222222222222222;1829;0.10358565737051793;0.7222222222222222;1813;0.10546875;0.75;1842;0.10196078431372549;0.7222222222222222;1872;0.10546875;0.75
v95;2444;0.06596306068601583;0.6944444444444444;2464;0.06349206349206349;0.6666666666666666;2237;0.05277777777777778;0.5277777777777778;2372;0.06887052341597796;0.6944444444444444;2525;0.04187192118226601;0.4722222222222222;2292;0.061046511627906974;0.5833333333333334;2520;0.04207920792079208;0.4722222222222222;2310;0.031413612565445025;0.3333333333333333
v96;1961;0.028391167192429023;0.5;1752;0.06666666666666667;0.8888888888888888;1964;0.0622568093385214;0.8888888888888888;1882;0.06201550387596899;0.8888888888888888;650;0.00847457627118644;0.05555555555555555;1410;0.0028089887640449437;0.05555555555555555;1858;0.0625;0.8888888888888888;160;0.0;0.0
v97;1408;0.09251101321585903;0.7241379310344828;6110;0.0;0.0;1392;0.0881057268722467;0.6896551724137931;1407;0.09170305676855896;0.7241379310344828;3526;0.0;0.0;3937;0.0;0.0;3530;0.0;0.0;1385;0.08733624454148471;0.6896551724137931
v98;1214;0.12;0.8275862068965517;1159;0.12886597938144329;0.8620689655172413;1163;0.125;0.8275862068965517;1168;0.12698412698412698;0.8275862068965517;1216;0.1201923076923077;0.8620689655172413;1188;0.09900990099009901;0.6896551724137931;1219;0.1141552511415525;0.8620689655172413;1163;0.12244897959183673;0.8275862068965517
v99;1482;0.013289036544850499;0.14285714285714285;2943;0.058695652173913045;0.9642857142857143;2897;0.05934065934065934;0.9642857142857143;2800;0.06553398058252427;0.9642857142857143;2501;0.043478260869565216;0.7142857142857143;2433;0.036637931034482756;0.6071428571428571;2495;0.0425531914893617;0.7142857142857143;251;0.0;0.0
v100;1498;0.09411764705882353;0.7741935483870968;1855;0.08108108108108109;0.7741935483870968;1769;0.06597222222222222;0.6129032258064516;1762;0.08275862068965517;0.7741935483870968;1928;0.07973421926910298;0.7741935483870968;1859;0.08710801393728224;0.8064516129032258;1925;0.07973421926910298;0.7741935483870968;1464;0.0975609756097561;0.7741935483870968
