PSM11 Levenshtein; PSM11 Jaccard; PSM11 Overlap
n1;1013;0.1986062717770035;0.6
n2;432;0.19607843137254902;0.43478260869565216
n3;502;0;0
n4;1241;0.09716599190283401;0.5217391304347826
n5;2118;0.12096774193548387;0.6818181818181818
n6;1110;0.16602316602316602;0.5512820512820513
n7;824;0.22560975609756098;0.8222222222222222
n8;746;0.18226600985221675;0.6065573770491803
n9;3561;0.06526315789473684;0.7560975609756098
n10;167;0.03125;0.09090909090909091
n11;917;0.0;0.0
n12;2970;0.05161290322580645;0.4444444444444444
n13;2577;0.12742980561555076;0.6145833333333334
n14;3350;0.010385756676557863;0.7777777777777778
n15;384;0.17;0.5862068965517241
n16;4890;0.03259452411994785;0.3968253968253968
n17;764;0.09405940594059406;0.3877551020408163
n18;984;0.09913793103448276;0.46938775510204084
n19;850;0.14553990610328638;0.5849056603773585
n20;2481;0.0110803324099723;0.11764705882352941
n21;169;0.0;0.0
n22;470;0.23809523809523808;0.7352941176470589
n23;239;0.0;0.0
n24;429;0.0;0.0
n25;397;0.04032258064516129;0.08771929824561403
n26;451;0.23770491803278687;0.6444444444444445
n27;739;0.2967479674796748;0.6403508771929824
n28;2769;0.00395778364116095;0.05263157894736842
n29;382;0.10084033613445378;0.26666666666666666
n30;537;0.08227848101265822;0.28888888888888886
n31;447;0.16666666666666666;0.42857142857142855
n32;479;0.0072992700729927005;0.07142857142857142
n33;1013;0.02877697841726619;1.0
n34;1299;0.028662420382165606;0.23684210526315788
n35;199;0.0;0.0
n36;292;0.0;0.0
n37;730;0.041237113402061855;0.5714285714285714
n38;787;0.04065040650406504;0.7142857142857143
n39;1147;0.08333333333333333;0.8823529411764706
n40;824;0.006172839506172839;0.02631578947368421
n41;1412;0.0049382716049382715;0.043478260869565216
n42;564;0.267515923566879;0.6774193548387096
n43;1135;0.0;0.0
n44;763;0.14545454545454545;0.6857142857142857
n45;667;0.20915032679738563;0.7804878048780488
n46;1597;0.1091703056768559;0.9259259259259259
n47;665;0.1640625;0.84
n48;814;0.23369565217391305;0.7049180327868853
n49;954;0.08333333333333333;0.6
n50;533;0.17592592592592593;0.76
n51;629;0.15966386554621848;0.76
n52;848;0.13043478260869565;0.875
n53;871;0.13756613756613756;0.6666666666666666
n54;935;0.14418604651162792;0.7380952380952381
n55;825;0.12738853503184713;0.6451612903225806
n56;796;0.19337016574585636;0.8333333333333334
n57;699;0.19047619047619047;0.6829268292682927
n58;1256;0.01694915254237288;0.1276595744680851
n59;872;0.0;0.0
n60;151;0.4375;0.9333333333333333
n61;1733;0.06325301204819277;0.75
n62;786;0.17326732673267325;0.5147058823529411
n63;2127;0.05569620253164557;0.4583333333333333
n64;679;0.03067484662576687;0.19230769230769232
n65;2009;0.05460750853242321;0.7619047619047619
n66;1068;0.02390438247011952;0.1935483870967742
n67;980;0.0;0.0
n68;1240;0.07456140350877193;0.68
n69;964;0.078125;0.46875
n70;1423;0.1452991452991453;0.53125
n71;2588;0.07177033492822966;0.6
n72;2796;0.07783018867924528;0.75
n73;4205;0.049019607843137254;0.75
n74;691;0.08527131782945736;0.7333333333333333
n75;486;0.1262135922330097;0.7647058823529411
n76;489;0.15789473684210525;0.9375
n77;934;0.07894736842105263;0.5714285714285714
n78;1225;0.08247422680412371;0.5517241379310345
n79;1248;0.01529051987767584;0.09615384615384616
n80;1157;0.08771929824561403;0.5405405405405406
n81;1295;0.045454545454545456;0.6923076923076923
n82;1584;0.08679245283018867;0.696969696969697
n83;1619;0.08582089552238806;0.696969696969697
n84;1350;0.0811965811965812;0.6551724137931034
n85;1670;0.11940298507462686;0.8648648648648649
n86;982;0.09333333333333334;0.4666666666666667
n87;960;0.09268292682926829;0.475
n88;1499;0.12698412698412698;0.7804878048780488
n89;1540;0.10408921933085502;0.6086956521739131
n90;153;0.0;0.0
n91;2582;0.026525198938992044;0.5882352941176471
n92;571;0.09433962264150944;0.8333333333333334
n93;4376;0.0167427701674277;0.4074074074074074
n94;2348;0.11301369863013698;0.8461538461538461
n95;3304;0.03614457831325301;0.72
n96;889;0.0;0.0
n97;1495;0.13574660633484162;0.967741935483871
n98;166;0.0;0.0
n99;1749;0.08571428571428572;0.6486486486486487
n100;1613;0.11155378486055777;0.7368421052631579
v1;247;0.3333333333333333;0.9047619047619048
v2;2300;0.027624309392265192;0.625
v3;1165;0.024691358024691357;0.4444444444444444
v4;457;0.0;0.0
v5;1599;0.037914691943127965;1.0
v6;1418;0.061068702290076333;0.5333333333333333
v7;3842;0.08545454545454545;0.734375
v8;3791;0.08955223880597014;0.75
v9;810;0.15151515151515152;0.8695652173913043
v10;537;0.26548672566371684;0.9090909090909091
v11;2717;0.07881773399014778;0.7619047619047619
v12;318;0.0;0.0
v13;2463;0.05093833780160858;0.6785714285714286
v14;361;0.0;0.0
v15;1978;0.04693140794223827;0.7222222222222222
v16;789;0.1657754010695187;0.7209302325581395
v17;930;0.15841584158415842;0.7441860465116279
v18;1830;0.0;0.0
v19;3368;0.047244094488188976;0.7272727272727273
v20;2165;0.005917159763313609;0.08695652173913043
v21;939;0.0;0.0
v22;120;0.47761194029850745;0.7111111111111111
v23;1836;0.08011869436201781;0.6
v24;217;0.0;0.0
v25;413;0.04081632653061224;0.25
v26;532;0.10619469026548672;0.75
v27;1404;0.03902439024390244;0.7272727272727273
v28;1540;0.048672566371681415;0.7857142857142857
v29;1627;0.04721030042918455;0.7857142857142857
v30;1958;0.03355704697986577;0.6666666666666666
v31;789;0.1565217391304348;0.8571428571428571
v32;4080;0.006659267480577136;0.13953488372093023
v33;562;0.09;0.6428571428571429
v34;1613;0.08641975308641975;0.9130434782608695
v35;489;0.1810344827586207;0.8076923076923077
v36;819;0.16911764705882354;0.8846153846153846
v37;485;0.18867924528301888;0.6896551724137931
v38;608;0.0;0.0
v39;894;0.03225806451612903;0.6666666666666666
v40;697;0.045454545454545456;0.6666666666666666
v41;1109;0.052941176470588235;0.75
v42;555;0.14953271028037382;0.7619047619047619
v43;524;0.1926605504587156;0.8076923076923077
v44;2209;0.015822784810126583;0.8333333333333334
v45;781;0.007518796992481203;0.25
v46;1051;0.018867924528301886;0.25
v47;854;0.07142857142857142;0.625
v48;1851;0.09508196721311475;0.6590909090909091
v49;638;0.1;0.7333333333333333
v50;741;0.08333333333333333;0.5217391304347826
v51;476;0.07407407407407407;0.34782608695652173
v52;2406;0.059431524547803614;0.7666666666666667
v53;329;0.06493506493506493;0.38461538461538464
v54;451;0.1346153846153846;0.5185185185185185
v55;499;0.09022556390977443;0.35294117647058826
v56;301;0.0;0.0
v57;688;0.053763440860215055;0.8333333333333334
v58;1020;0.036585365853658534;0.4
v59;680;0.12605042016806722;0.6521739130434783
v60;276;0.23076923076923078;0.75
v61;590;0.10526315789473684;0.2909090909090909
v62;925;0.09345794392523364;0.36363636363636365
v63;484;0.01694915254237288;0.11764705882352941
v64;942;0.012269938650306749;0.2
v65;1339;0.014749262536873156;0.45454545454545453
v66;1630;0.018421052631578946;0.5384615384615384
v67;231;0.0;0.0
v68;881;0.02158273381294964;0.5
v69;952;0.006920415224913495;0.047619047619047616
v70;75;0.16666666666666666;1.0
v71;849;0.0;0.0
v72;1009;0.116751269035533;0.7666666666666667
v73;800;0.08695652173913043;0.7777777777777778
v74;680;0.11188811188811189;0.64
v75;713;0.13924050632911392;0.7333333333333333
v76;420;0.12380952380952381;0.48148148148148145
v77;117;0.0;0.0
v78;2127;0.020958083832335328;0.7
v79;2651;0.0;0.0
v80;1228;0.09195402298850575;0.8888888888888888
v81;843;0.06493506493506493;0.625
v82;1291;0.05687203791469194;0.6
v83;1189;0.023474178403755867;0.22727272727272727
v84;3290;0.0;0.0
v85;1551;0.0546875;0.7
v86;3321;0.0012674271229404308;0.125
v87;2085;0.07894736842105263;0.9
v88;541;0.009174311926605505;0.08333333333333333
v89;860;0.023809523809523808;0.3333333333333333
v90;258;0.0;0.0
v91;773;0.03870967741935484;0.6
v92;942;0.006369426751592357;0.07692307692307693
v93;706;0.168;0.75
v94;531;0.005813953488372093;0.027777777777777776
v95;2384;0.07164179104477612;0.6666666666666666
v96;1123;0.004291845493562232;0.05555555555555555
v97;1440;0.08225108225108226;0.6551724137931034
v98;1246;0.10628019323671498;0.7586206896551724
v99;529;0.0;0.0
v100;1546;0.09465020576131687;0.7419354838709677
