Levenshtein; Jaccard; Overlap
n1;809;0.0;0.0
n2;541;0.13186813186813187;0.34782608695652173
n3;495;0.0;0.0
n4;1141;0.1059322033898305;0.5434782608695652
n5;2191;0.1220159151193634;0.696969696969697
n6;1142;0.15302491103202848;0.5512820512820513
n7;841;0.2;0.8444444444444444
n8;518;0.19883040935672514;0.5573770491803278
n9;3391;0.055776892430278883;0.6829268292682927
n10;4160;0.0015661707126076742;0.09090909090909091
n11;920;0.14953271028037382;0.6530612244897959
n12;3360;0.047540983606557376;0.5370370370370371
n13;2214;0.14150943396226415;0.625
n14;4402;0.006201550387596899;0.8888888888888888
n15;604;0.07329842931937172;0.4827586206896552
n16;4209;0.026499302649930265;0.30158730158730157
n17;825;0.11814345991561181;0.5714285714285714
n18;829;0.12280701754385964;0.5714285714285714
n19;951;0.12030075187969924;0.6037735849056604
n20;2404;0.010075566750629723;0.11764705882352941
n21;1574;0.042042042042042045;0.5833333333333334
n22;363;0.2903225806451613;0.7941176470588235
n23;406;0.0;0.0
n24;713;0.0037735849056603774;0.016666666666666666
n25;629;0.06637168141592921;0.2631578947368421
n26;515;0.18620689655172415;0.6
n27;945;0.25;0.5701754385964912
n28;4470;0.005326231691078562;0.14035087719298245
n29;547;0.12048192771084337;0.4444444444444444
n30;511;0.08379888268156424;0.3333333333333333
n31;750;0.11013215859030837;0.5102040816326531
n32;267;0.010752688172043012;0.07142857142857142
n33;932;0.021739130434782608;0.75
n34;1494;0.04838709677419355;0.47368421052631576
n35;243;0.0;0.0
n36;1451;0.04501607717041801;0.3783783783783784
n37;840;0.04;0.7142857142857143
n38;808;0.046153846153846156;0.8571428571428571
n39;1220;0.06976744186046512;0.8823529411764706
n40;855;0.0;0.0
n41;1076;0.03293413173652695;0.2391304347826087
n42;535;0.2611464968152866;0.6612903225806451
n43;502;0.16666666666666666;0.5813953488372093
n44;866;0.140625;0.7714285714285715
n45;717;0.17679558011049723;0.7804878048780488
n46;1546;0.0963855421686747;0.8888888888888888
n47;742;0.1464968152866242;0.92
n48;901;0.22488038277511962;0.7704918032786885
n49;753;0.09740259740259741;0.6
n50;538;0.1826086956521739;0.84
n51;520;0.18181818181818182;0.8
n52;575;0.17557251908396945;0.9583333333333334
n53;726;0.18902439024390244;0.7948717948717948
n54;762;0.19540229885057472;0.8095238095238095
n55;893;0.11235955056179775;0.6451612903225806
n56;711;0.2236024844720497;0.8571428571428571
n57;645;0.2727272727272727;0.8780487804878049
n58;2839;0.014457831325301205;0.2553191489361702
n59;3534;0.009278350515463918;0.3
n60;187;0.27450980392156865;0.9333333333333333
n61;1874;0.08064516129032258;0.8928571428571429
n62;865;0.04230769230769231;0.16176470588235295
n63;2429;0.011804384485666104;0.14583333333333334
n64;1202;0.06060606060606061;0.5384615384615384
n65;2097;0.046511627906976744;0.7619047619047619
n66;1092;0.04744525547445255;0.41935483870967744
n67;1069;0.08673469387755102;0.9444444444444444
n68;1837;0.002178649237472767;0.04
n69;932;0.13917525773195877;0.84375
n70;1632;0.1108433734939759;0.4791666666666667
n71;2284;0.07526881720430108;0.56
n72;2553;0.08395061728395062;0.7727272727272727
n73;3865;0.040372670807453416;0.65
n74;835;0.07777777777777778;0.9333333333333333
n75;404;0.17045454545454544;0.8823529411764706
n76;395;0.11363636363636363;0.625
n77;1055;0.08092485549132948;0.6666666666666666
n78;1261;0.10344827586206896;0.7241379310344828
n79;1452;0.10094637223974763;0.6153846153846154
n80;1155;0.12442396313364056;0.7297297297297297
n81;1327;0.04608294930875576;0.7692307692307693
n82;1448;0.09387755102040816;0.696969696969697
n83;1665;0.07718120805369127;0.696969696969697
n84;1312;0.09251101321585903;0.7241379310344828
n85;1526;0.12903225806451613;0.8648648648648649
n86;1066;0.11261261261261261;0.5555555555555556
n87;895;0.09239130434782608;0.425
n88;1449;0.1274131274131274;0.8048780487804879
n89;1327;0.13877551020408163;0.7391304347826086
n90;2464;0.02696078431372549;0.5238095238095238
n91;131;0.0;0.0
n92;429;0.06451612903225806;0.5
n93;2711;0.0087527352297593;0.14814814814814814
n94;1897;0.13414634146341464;0.8461538461538461
n95;2722;0.026530612244897958;0.52
n96;2983;0.05970149253731343;0.6857142857142857
n97;1342;0.10043668122270742;0.7419354838709677
n98;2798;0.04205607476635514;0.8181818181818182
n99;1929;0.06535947712418301;0.5405405405405406
n100;1669;0.0821917808219178;0.631578947368421
v1;242;0.3157894736842105;0.8571428571428571
v2;1884;0.030395136778115502;0.625
v3;1042;0.055900621118012424;1.0
v4;369;0.22340425531914893;0.42857142857142855
v5;1539;0.03902439024390244;1.0
v6;1324;0.06934306569343066;0.6333333333333333
v7;3632;0.0888468809073724;0.734375
v8;3698;0.09021113243761997;0.734375
v9;785;0.1721311475409836;0.9130434782608695
v10;526;0.2542372881355932;0.9090909090909091
v11;2881;0.05719921104536489;0.6904761904761905
v12;289;0.0;0.0
v13;2432;0.04285714285714286;0.6428571428571429
v14;448;0.0;0.0
v15;1951;0.04406779661016949;0.7222222222222222
v16;770;0.09950248756218906;0.46511627906976744
v17;3987;0.030362389813907934;0.7209302325581395
v18;4802;0.0007097232079489;0.1
v19;3523;0.042328042328042326;0.7272727272727273
v20;2372;0.004524886877828055;0.08695652173913043
v21;2256;0.0;0.0
v22;113;0.48484848484848486;0.7111111111111111
v23;1990;0.09217877094972067;0.7333333333333333
v24;299;0.0;0.0
v25;523;0.0392156862745098;0.375
v26;784;0.05472636815920398;0.6875
v27;1545;0.03305785123966942;0.7272727272727273
v28;1608;0.045081967213114756;0.7857142857142857
v29;1624;0.04583333333333333;0.7857142857142857
v30;1912;0.03728813559322034;0.7333333333333333
v31;779;0.18095238095238095;0.9047619047619048
v32;7623;0.004997501249375313;0.23255813953488372
v33;600;0.06923076923076923;0.6428571428571429
v34;1639;0.08108108108108109;0.9130434782608695
v35;1228;0.0;0.0
v36;798;0.16546762589928057;0.8846153846153846
v37;592;0.14864864864864866;0.7586206896551724
v38;2185;0.00303951367781155;0.2
v39;974;0.028985507246376812;0.6666666666666666
v40;741;0.037037037037037035;0.6666666666666666
v41;1126;0.037914691943127965;0.6666666666666666
v42;537;0.16037735849056603;0.8095238095238095
v43;498;0.19626168224299065;0.8076923076923077
v44;2124;0.016611295681063124;0.8333333333333334
v45;723;0.008695652173913044;0.25
v46;1459;0.04741379310344827;0.6875
v47;875;0.08275862068965517;0.75
v48;1613;0.10139860139860139;0.6590909090909091
v49;656;0.0975609756097561;0.8
v50;621;0.12413793103448276;0.782608695652174
v51;425;0.09090909090909091;0.43478260869565216
v52;2159;0.038781163434903045;0.4666666666666667
v53;429;0.0423728813559322;0.38461538461538464
v54;679;0.10919540229885058;0.7037037037037037
v55;660;0.13541666666666666;0.7647058823529411
v56;1343;0.0705521472392638;0.5897435897435898
v57;376;0.08333333333333333;1.0
v58;1081;0.08284023668639054;0.9333333333333333
v59;1252;0.045871559633027525;0.6521739130434783
v60;338;0.17346938775510204;0.85
v61;352;0.02727272727272727;0.05454545454545454
v62;450;0.019230769230769232;0.05454545454545454
v63;837;0.05232558139534884;0.5294117647058824
v64;1548;0.005797101449275362;0.2
v65;379;0.013333333333333334;0.09090909090909091
v66;557;0.029411764705882353;0.23076923076923078
v67;1194;0.01904761904761905;0.6666666666666666
v68;996;0.03067484662576687;0.8333333333333334
v69;946;0.16751269035532995;0.7857142857142857
v70;152;0.06666666666666667;1.0
v71;892;0.0;0.0
v72;1027;0.10699588477366255;0.8666666666666667
v73;692;0.10596026490066225;0.8888888888888888
v74;519;0.19827586206896552;0.92
v75;586;0.1386861313868613;0.6333333333333333
v76;2745;0.0021929824561403508;0.07407407407407407
v77;2230;0.02972972972972973;0.6875
v78;2518;0.01728395061728395;0.7
v79;5259;0.0008312551953449709;0.14285714285714285
v80;1038;0.06666666666666667;0.6666666666666666
v81;941;0.0374331550802139;0.4375
v82;1104;0.06565656565656566;0.65
v83;1264;0.057692307692307696;0.5454545454545454
v84;871;0.09302325581395349;0.8888888888888888
v85;1544;0.04482758620689655;0.65
v86;1354;0.024489795918367346;0.75
v87;2378;0.04086021505376344;0.6333333333333333
v88;693;0.047619047619047616;0.5833333333333334
v89;735;0.03773584905660377;0.5
v90;1434;0.038901601830663615;0.5151515151515151
v91;1103;0.030303030303030304;0.7
v92;871;0.00558659217877095;0.07692307692307693
v93;724;0.1437908496732026;0.7857142857142857
v94;1885;0.10236220472440945;0.7222222222222222
v95;2237;0.05277777777777778;0.5277777777777778
v96;1964;0.0622568093385214;0.8888888888888888
v97;1392;0.0881057268722467;0.6896551724137931
v98;1163;0.125;0.8275862068965517
v99;2897;0.05934065934065934;0.9642857142857143
v100;1769;0.06597222222222222;0.6129032258064516
