ID;PSM1 Lev;PSM1 Jac;PSM1 Ove;PSM3 Lev;PSM3 Jac;PSM3 Ove;PSM6 Lev;PSM6 Jac;PSM6 Ove;PSM11 Lev;PSM11 Jac;PSM11 Ove;PSM12 Lev;PSM12 Jac;PSM12 Ove
n1;921;0.25396825396825395;0.6736842105263158;921;0.25396825396825395;0.6736842105263158;946;0.23193916349809887;0.6421052631578947;1013;0.1986062717770035;0.6;1009;0.1993006993006993;0.6
n2;302;0.2283464566929134;0.42028985507246375;302;0.2283464566929134;0.42028985507246375;544;0.15675675675675677;0.42028985507246375;432;0.19607843137254902;0.43478260869565216;427;0.1986754966887417;0.43478260869565216
n3;503;0;0;503;0;0;503;0;0;502;0;0;500;0.0;0.0
n4;424;0;0;424;0;0;1489;0.0912280701754386;0.5652173913043478;1241;0.09716599190283401;0.5217391304347826;1203;0.0995850622406639;0.5217391304347826
n5;2092;0.12396694214876033;0.6818181818181818;2092;0.12396694214876033;0.6818181818181818;2259;0.12;0.6818181818181818;2118;0.12096774193548387;0.6818181818181818;2128;0.12096774193548387;0.6818181818181818
n6;1072;0.16796875;0.5512820512820513;1072;0.16796875;0.5512820512820513;1183;0.15087719298245614;0.5512820512820513;1110;0.16602316602316602;0.5512820512820513;1102;0.16796875;0.5512820512820513
n7;732;0.25675675675675674;0.8444444444444444;732;0.25675675675675674;0.8444444444444444;776;0.19889502762430938;0.8;824;0.22560975609756098;0.8222222222222222;801;0.24025974025974026;0.8222222222222222
n8;837;0.13533834586466165;0.5901639344262295;837;0.13533834586466165;0.5901639344262295;763;0.14056224899598393;0.5737704918032787;746;0.18226600985221675;0.6065573770491803;711;0.1791044776119403;0.5901639344262295
n9;2456;0.002793296089385475;0.024390243902439025;2456;0.002793296089385475;0.024390243902439025;3224;0.05725971370143149;0.6829268292682927;3561;0.06526315789473684;0.7560975609756098;3548;0.06553911205073996;0.7560975609756098
n10;187;0;0;187;0;0;631;0.009009009009009009;0.09090909090909091;167;0.03125;0.09090909090909091;159;0.024390243902439025;0.05
n11;458;0;0;458;0;0;2453;0.0;0.0;917;0.0;0.0;871;0.0;0.0
n12;2628;0.046341463414634146;0.35185185185185186;2628;0.046341463414634146;0.35185185185185186;3400;0.03826955074875208;0.42592592592592593;2970;0.05161290322580645;0.4444444444444444;2978;0.05150214592274678;0.4444444444444444
n13;2072;0.15228426395939088;0.625;2072;0.15228426395939088;0.625;2216;0.14184397163120568;0.625;2577;0.12742980561555076;0.6145833333333334;2579;0.12688172043010754;0.6145833333333334
n14;861;0.050359712230215826;0.7777777777777778;861;0.050359712230215826;0.7777777777777778;3219;0.0;0.0;3350;0.010385756676557863;0.7777777777777778;3273;0.0110062893081761;0.7777777777777778
n15;293;0.22784810126582278;0.6206896551724138;293;0.22784810126582278;0.6206896551724138;575;0.08839779005524862;0.5517241379310345;384;0.17;0.5862068965517241;407;0.16666666666666666;0.5862068965517241
n16;2038;0.05370843989769821;0.3333333333333333;2038;0.05370843989769821;0.3333333333333333;4311;0.021170610211706103;0.2698412698412698;4890;0.03259452411994785;0.3968253968253968;4834;0.033156498673740056;0.3968253968253968
n17;461;0.1037037037037037;0.2857142857142857;461;0.1037037037037037;0.2857142857142857;771;0.06557377049180328;0.32653061224489793;764;0.09405940594059406;0.3877551020408163;739;0.09743589743589744;0.3877551020408163
n18;390;0.17054263565891473;0.4489795918367347;390;0.17054263565891473;0.4489795918367347;780;0.11848341232227488;0.5102040816326531;984;0.09913793103448276;0.46938775510204084;967;0.09913793103448276;0.46938775510204084
n19;737;0.155;0.5849056603773585;737;0.155;0.5849056603773585;896;0.07723577235772358;0.3584905660377358;850;0.14553990610328638;0.5849056603773585;836;0.15196078431372548;0.5849056603773585
n20;2152;0.012738853503184714;0.11764705882352941;2152;0.012738853503184714;0.11764705882352941;2393;0.010810810810810811;0.11764705882352941;2481;0.0110803324099723;0.11764705882352941;2484;0.011142061281337047;0.11764705882352941
n21;180;0.0;0.0;180;0.0;0.0;162;0.0;0.0;169;0.0;0.0;167;0.0;0.0
n22;384;0.2549019607843137;0.7647058823529411;384;0.2549019607843137;0.7647058823529411;470;0.226890756302521;0.7941176470588235;470;0.23809523809523808;0.7352941176470589;423;0.25773195876288657;0.7352941176470589
n23;151;0.0;0.0;151;0.0;0.0;397;0.0;0.0;239;0.0;0.0;240;0.0;0.0
n24;423;0.0;0.0;423;0.0;0.0;460;0.0;0.0;429;0.0;0.0;428;0.0;0.0
n25;390;0.030612244897959183;0.06818181818181818;390;0.030612244897959183;0.06818181818181818;882;0.012461059190031152;0.07017543859649122;397;0.04032258064516129;0.08771929824561403;416;0.031746031746031744;0.07017543859649122
n26;418;0.2396694214876033;0.6444444444444445;418;0.2396694214876033;0.6444444444444445;516;0.1875;0.6;451;0.23770491803278687;0.6444444444444445;453;0.23770491803278687;0.6444444444444445
n27;723;0.2979591836734694;0.6403508771929824;723;0.2979591836734694;0.6403508771929824;804;0.27238805970149255;0.6403508771929824;739;0.2967479674796748;0.6403508771929824;734;0.2967479674796748;0.6403508771929824
n28;463;0.0;0.0;463;0.0;0.0;5243;0.0011661807580174927;0.03508771929824561;2769;0.00395778364116095;0.05263157894736842;3295;0.0022727272727272726;0.03508771929824561
n29;280;0.1956521739130435;0.4;280;0.1956521739130435;0.4;420;0.1366906474820144;0.4222222222222222;382;0.10084033613445378;0.26666666666666666;390;0.1016949152542373;0.26666666666666666
n30;271;0.1686746987951807;0.3111111111111111;271;0.1686746987951807;0.3111111111111111;589;0.08163265306122448;0.35555555555555557;537;0.08227848101265822;0.28888888888888886;515;0.08609271523178808;0.28888888888888886
n31;366;0.20909090909090908;0.46938775510204084;366;0.20909090909090908;0.46938775510204084;371;0.2047244094488189;0.5306122448979592;447;0.16666666666666666;0.42857142857142855;447;0.18181818181818182;0.4489795918367347
n32;105;0;0;105;0;0;1276;0.004784688995215311;0.14285714285714285;479;0.0072992700729927005;0.07142857142857142;429;0.008547008547008548;0.07142857142857142
n33;938;0.022388059701492536;0.75;938;0.022388059701492536;0.75;1037;0.017964071856287425;0.75;1013;0.02877697841726619;1.0;1060;0.02702702702702703;1.0
n34;776;0.05909090909090909;0.34210526315789475;776;0.05909090909090909;0.34210526315789475;1951;0.029535864978902954;0.3684210526315789;1299;0.028662420382165606;0.23684210526315788;1210;0.033783783783783786;0.2631578947368421
n35;204;0.0;0.0;204;0.0;0.0;196;0.0;0.0;199;0.0;0.0;194;0.02040816326530612;0.045454545454545456
n36;285;0.0;0.0;285;0.0;0.0;756;0.004830917874396135;0.02702702702702703;292;0.0;0.0;292;0.00980392156862745;0.02702702702702703
n37;729;0.05154639175257732;0.7142857142857143;729;0.05154639175257732;0.7142857142857143;815;0.04032258064516129;0.7142857142857143;730;0.041237113402061855;0.5714285714285714;720;0.042105263157894736;0.5714285714285714
n38;790;0.045454545454545456;0.8571428571428571;790;0.045454545454545456;0.8571428571428571;776;0.024193548387096774;0.42857142857142855;787;0.04065040650406504;0.7142857142857143;820;0.03968253968253968;0.7142857142857143
n39;1078;0.09302325581395349;0.9411764705882353;1078;0.09302325581395349;0.9411764705882353;1127;0.057692307692307696;0.7058823529411765;1147;0.08333333333333333;0.8823529411764706;1144;0.08379888268156424;0.8823529411764706
n40;740;0.0;0.0;740;0.0;0.0;848;0.0;0.0;824;0.006172839506172839;0.02631578947368421;824;0.006369426751592357;0.02631578947368421
n41;397;0.0;0.0;397;0.0;0.0;1705;0.030360531309297913;0.34782608695652173;1412;0.0049382716049382715;0.043478260869565216;2316;0.0;0.0
n42;535;0.27631578947368424;0.6774193548387096;535;0.27631578947368424;0.6774193548387096;538;0.2692307692307692;0.6774193548387096;564;0.267515923566879;0.6774193548387096;569;0.2641509433962264;0.6774193548387096
n43;367;0.0;0.0;367;0.0;0.0;2295;0.0;0.0;1135;0.0;0.0;1519;0.0;0.0
n44;374;0.27835051546391754;0.7714285714285715;374;0.27835051546391754;0.7714285714285715;865;0.125;0.7428571428571429;763;0.14545454545454545;0.6857142857142857;785;0.14285714285714285;0.6571428571428571
n45;625;0.2251655629139073;0.8292682926829268;625;0.2251655629139073;0.8292682926829268;757;0.16939890710382513;0.7560975609756098;667;0.20915032679738563;0.7804878048780488;672;0.1987179487179487;0.7560975609756098
n46;1435;0.11428571428571428;0.8888888888888888;1435;0.11428571428571428;0.8888888888888888;1514;0.09561752988047809;0.8888888888888888;1597;0.1091703056768559;0.9259259259259259;1568;0.11013215859030837;0.9259259259259259
n47;517;0.21568627450980393;0.88;517;0.21568627450980393;0.88;644;0.18045112781954886;0.96;665;0.1640625;0.84;630;0.14393939393939395;0.76
n48;753;0.29375;0.7704918032786885;753;0.29375;0.7704918032786885;850;0.24479166666666666;0.7704918032786885;814;0.23369565217391305;0.7049180327868853;820;0.23497267759562843;0.7049180327868853
n49;785;0.09090909090909091;0.56;785;0.09090909090909091;0.56;795;0.033707865168539325;0.24;954;0.08333333333333333;0.6;913;0.08875739644970414;0.6
n50;415;0.13333333333333333;0.48;415;0.13333333333333333;0.48;576;0.15873015873015872;0.8;533;0.17592592592592593;0.76;538;0.17592592592592593;0.76
n51;618;0.1694915254237288;0.8;618;0.1694915254237288;0.8;535;0.18269230769230768;0.76;629;0.15966386554621848;0.76;600;0.16666666666666666;0.76
n52;439;0.26744186046511625;0.9583333333333334;439;0.26744186046511625;0.9583333333333334;803;0.12571428571428572;0.9166666666666666;848;0.13043478260869565;0.875;843;0.1337579617834395;0.875
n53;757;0.20408163265306123;0.7692307692307693;757;0.20408163265306123;0.7692307692307693;684;0.2108843537414966;0.7948717948717948;871;0.13756613756613756;0.6666666666666666;881;0.14136125654450263;0.6923076923076923
n54;613;0.2302158273381295;0.7619047619047619;613;0.2302158273381295;0.7619047619047619;764;0.17297297297297298;0.7619047619047619;935;0.14418604651162792;0.7380952380952381;922;0.14553990610328638;0.7380952380952381
n55;771;0.15862068965517243;0.7419354838709677;771;0.15862068965517243;0.7419354838709677;829;0.11904761904761904;0.6451612903225806;825;0.12738853503184713;0.6451612903225806;828;0.12738853503184713;0.6451612903225806
n56;881;0.0;0.0;922;0.14732142857142858;0.7857142857142857;874;0.165;0.7857142857142857;796;0.19337016574585636;0.8333333333333334;879;0.0;0.0
n57;748;0.2323943661971831;0.8048780487804879;748;0.2323943661971831;0.8048780487804879;615;0.2229299363057325;0.8536585365853658;699;0.19047619047619047;0.6829268292682927;707;0.17333333333333334;0.6341463414634146
n58;367;0.008264462809917356;0.02127659574468085;351;0.006756756756756757;0.02127659574468085;2844;0.011015911872705019;0.19148936170212766;1256;0.01694915254237288;0.1276595744680851;1754;0.0021691973969631237;0.02127659574468085
n59;297;0;0;297;0;0;2230;0.0;0.0;872;0.0;0.0;835;0.0;0.0
n60;237;0.2692307692307692;0.9333333333333333;237;0.2692307692307692;0.9333333333333333;238;0.22950819672131148;0.9333333333333333;151;0.4375;0.9333333333333333;154;0.42424242424242425;0.9333333333333333
n61;1539;0.0711864406779661;0.75;1539;0.0711864406779661;0.75;2321;0.05161290322580645;0.8571428571428571;1733;0.06325301204819277;0.75;1722;0.06422018348623854;0.75
n62;599;0.09770114942528736;0.25;599;0.09770114942528736;0.25;850;0.02631578947368421;0.10294117647058823;786;0.17326732673267325;0.5147058823529411;833;0.17326732673267325;0.5147058823529411
n63;1470;0.07446808510638298;0.4375;1470;0.07446808510638298;0.4375;2105;0.0702576112412178;0.625;2127;0.05569620253164557;0.4583333333333333;2125;0.05569620253164557;0.4583333333333333
n64;433;0.07272727272727272;0.3076923076923077;433;0.07272727272727272;0.3076923076923077;1467;0.04276315789473684;0.5;679;0.03067484662576687;0.19230769230769232;676;0.03125;0.19230769230769232
n65;2144;0.0453257790368272;0.7619047619047619;2144;0.0453257790368272;0.7619047619047619;2200;0.03926701570680628;0.7142857142857143;2009;0.05460750853242321;0.7619047619047619;2020;0.05423728813559322;0.7619047619047619
n66;302;0.0;0.0;302;0.0;0.0;2033;0.028462998102466792;0.4838709677419355;1068;0.02390438247011952;0.1935483870967742;995;0.021367521367521368;0.16129032258064516
n67;777;0.0703125;0.5;777;0.0703125;0.5;1174;0.049107142857142856;0.6111111111111112;980;0.0;0.0;1016;0.03;0.3333333333333333
n68;1003;0.09392265193370165;0.68;1003;0.09392265193370165;0.68;1096;0.07906976744186046;0.68;1240;0.07456140350877193;0.68;1185;0.07727272727272727;0.68
n69;257;0.09375;0.1875;257;0.09375;0.1875;1009;0.125;0.84375;964;0.078125;0.46875;938;0.08021390374331551;0.46875
n70;1334;0.14244186046511628;0.5104166666666666;701;0.03954802259887006;0.07954545454545454;731;0.03669724770642202;0.08333333333333333;1423;0.1452991452991453;0.53125;1372;0.14619883040935672;0.5208333333333334
n71;421;0;0;421;0;0;2253;0.07552083333333333;0.58;2588;0.07177033492822966;0.6;2573;0.072992700729927;0.6
n72;2402;0.09455587392550144;0.75;2402;0.09455587392550144;0.75;2354;0.09090909090909091;0.75;2796;0.07783018867924528;0.75;2648;0.08638743455497382;0.75
n73;3718;0.05328596802841918;0.75;3718;0.05328596802841918;0.75;4014;0.041474654377880185;0.675;4205;0.049019607843137254;0.75;4195;0.04918032786885246;0.75
n74;538;0.14444444444444443;0.8666666666666667;1152;0.0051813471502590676;0.06666666666666667;1531;0.007042253521126761;0.13333333333333333;691;0.08527131782945736;0.7333333333333333;692;0.08870967741935484;0.7333333333333333
n75;399;0.17073170731707318;0.8235294117647058;399;0.17073170731707318;0.8235294117647058;421;0.17647058823529413;0.8823529411764706;486;0.1262135922330097;0.7647058823529411;486;0.1262135922330097;0.7647058823529411
n76;421;0.18518518518518517;0.9375;421;0.18518518518518517;0.9375;478;0.12380952380952381;0.8125;489;0.15789473684210525;0.9375;485;0.15463917525773196;0.9375
n77;1014;0.07878787878787878;0.6190476190476191;1014;0.07878787878787878;0.6190476190476191;1024;0.08383233532934131;0.6666666666666666;934;0.07894736842105263;0.5714285714285714;944;0.07741935483870968;0.5714285714285714
n78;1105;0.11242603550295859;0.6551724137931034;1105;0.11242603550295859;0.6551724137931034;1299;0.102803738317757;0.7586206896551724;1225;0.08247422680412371;0.5517241379310345;1209;0.08421052631578947;0.5517241379310345
n79;942;0.08189655172413793;0.36538461538461536;942;0.08189655172413793;0.36538461538461536;2199;0.05642023346303502;0.5576923076923077;1248;0.01529051987767584;0.09615384615384616;1165;0.0219435736677116;0.1346153846153846
n80;762;0.16993464052287582;0.7027027027027027;762;0.16993464052287582;0.7027027027027027;1139;0.12844036697247707;0.7567567567567568;1157;0.08771929824561403;0.5405405405405406;1235;0.09663865546218488;0.6216216216216216
n81;1294;0.04975124378109453;0.7692307692307693;1294;0.04975124378109453;0.7692307692307693;1327;0.043478260869565216;0.7692307692307693;1295;0.045454545454545456;0.6923076923076923;1279;0.04433497536945813;0.6923076923076923
n82;1499;0.08984375;0.696969696969697;1499;0.08984375;0.696969696969697;1442;0.0931174089068826;0.696969696969697;1584;0.08679245283018867;0.696969696969697;1582;0.08679245283018867;0.696969696969697
n83;1600;0.08571428571428572;0.7272727272727273;1600;0.08571428571428572;0.7272727272727273;1623;0.08391608391608392;0.7272727272727273;1619;0.08582089552238806;0.696969696969697;1621;0.08614232209737828;0.696969696969697
n84;1094;0.10714285714285714;0.7241379310344828;1094;0.10714285714285714;0.7241379310344828;1469;0.08333333333333333;0.7241379310344828;1350;0.0811965811965812;0.6551724137931034;1381;0.07883817427385892;0.6551724137931034
n85;1529;0.13389121338912133;0.8648648648648649;1529;0.13389121338912133;0.8648648648648649;1548;0.13580246913580246;0.8918918918918919;1670;0.11940298507462686;0.8648648648648649;1638;0.12355212355212356;0.8648648648648649
n86;777;0.10714285714285714;0.4666666666666667;777;0.10714285714285714;0.4666666666666667;1033;0.1324200913242009;0.6444444444444445;982;0.09333333333333334;0.4666666666666667;996;0.09333333333333334;0.4666666666666667
n87;902;0.12154696132596685;0.55;902;0.12154696132596685;0.55;1047;0.1065989847715736;0.525;960;0.09268292682926829;0.475;902;0.10416666666666667;0.5
n88;635;0.005988023952095809;0.024390243902439025;635;0.005988023952095809;0.024390243902439025;1382;0.13580246913580246;0.8048780487804879;1499;0.12698412698412698;0.7804878048780488;1501;0.12903225806451613;0.7804878048780488
n89;1357;0.14345991561181434;0.7391304347826086;1357;0.14345991561181434;0.7391304347826086;1538;0.12867647058823528;0.7608695652173914;1540;0.10408921933085502;0.6086956521739131;1591;0.099644128113879;0.6086956521739131
n90;173;0;0;173;0;0;170;0.0;0.0;153;0.0;0.0;165;0.0;0.0
n91;1768;0.043137254901960784;0.6470588235294118;1768;0.043137254901960784;0.6470588235294118;2288;0.01662049861495845;0.35294117647058826;2582;0.026525198938992044;0.5882352941176471;2577;0.026595744680851064;0.5882352941176471
n92;525;0.11494252873563218;0.8333333333333334;525;0.11494252873563218;0.8333333333333334;512;0.10989010989010989;0.8333333333333334;571;0.09433962264150944;0.8333333333333334;570;0.09433962264150944;0.8333333333333334
n93;5029;0.012610340479192938;0.37037037037037035;5029;0.012610340479192938;0.37037037037037035;4867;0.012903225806451613;0.37037037037037035;4376;0.0167427701674277;0.4074074074074074;4345;0.015220700152207;0.37037037037037035
n94;2400;0.11458333333333333;0.8461538461538461;2400;0.11458333333333333;0.8461538461538461;2087;0.12692307692307692;0.8461538461538461;2348;0.11301369863013698;0.8461538461538461;2373;0.11186440677966102;0.8461538461538461
n95;2904;0.04269662921348315;0.76;2904;0.04269662921348315;0.76;2881;0.04504504504504504;0.8;3304;0.03614457831325301;0.72;3298;0.036072144288577156;0.72
n96;347;0.0;0.0;347;0.0;0.0;1695;0.0;0.0;889;0.0;0.0;609;0.0;0.0
n97;1454;0.13488372093023257;0.9354838709677419;1454;0.13488372093023257;0.9354838709677419;1386;0.12017167381974249;0.9032258064516129;1495;0.13574660633484162;0.967741935483871;1499;0.13513513513513514;0.967741935483871
n98;187;0;0;187;0;0;156;0.02;0.045454545454545456;166;0.0;0.0;166;0.0;0.0
n99;1220;0.12755102040816327;0.6756756756756757;1220;0.12755102040816327;0.6756756756756757;1728;0.0812720848056537;0.6216216216216216;1749;0.08571428571428572;0.6486486486486487;1745;0.08602150537634409;0.6486486486486487
n100;1325;0.13551401869158877;0.7631578947368421;1325;0.13551401869158877;0.7631578947368421;1748;0.11808118081180811;0.8421052631578947;1613;0.11155378486055777;0.7368421052631579;1608;0.112;0.7368421052631579
v1;249;0.3333333333333333;0.9047619047619048;249;0.3333333333333333;0.9047619047619048;238;0.33962264150943394;0.8571428571428571;247;0.3333333333333333;0.9047619047619048;241;0.3392857142857143;0.9047619047619048
v2;1561;0.04032258064516129;0.625;1561;0.04032258064516129;0.625;1693;0.0064516129032258064;0.125;2300;0.027624309392265192;0.625;2305;0.027548209366391185;0.625
v3;1109;0.024539877300613498;0.4444444444444444;1109;0.024539877300613498;0.4444444444444444;1129;0.023668639053254437;0.4444444444444444;1165;0.024691358024691357;0.4444444444444444;1114;0.025477707006369428;0.4444444444444444
v4;476;0;0;463;0.0;0.0;730;0.0;0.0;457;0.0;0.0;422;0.0;0.0
v5;1535;0.039603960396039604;1.0;1535;0.039603960396039604;1.0;1565;0.037037037037037035;1.0;1599;0.037914691943127965;1.0;1599;0.037914691943127965;1.0
v6;1280;0.08050847457627118;0.6333333333333333;1280;0.08050847457627118;0.6333333333333333;1522;0.0657439446366782;0.6333333333333333;1418;0.061068702290076333;0.5333333333333333;1413;0.06177606177606178;0.5333333333333333
v7;3762;0.08736059479553904;0.734375;3762;0.08736059479553904;0.734375;3664;0.08901515151515152;0.734375;3842;0.08545454545454545;0.734375;3849;0.08514492753623189;0.734375
v8;3742;0.0916030534351145;0.75;3742;0.0916030534351145;0.75;3628;0.09362549800796813;0.734375;3791;0.08955223880597014;0.75;3791;0.08955223880597014;0.75
v9;778;0.16279069767441862;0.9130434782608695;778;0.16279069767441862;0.9130434782608695;840;0.14093959731543623;0.9130434782608695;810;0.15151515151515152;0.8695652173913043;770;0.16;0.8695652173913043
v10;509;0.2727272727272727;0.9090909090909091;509;0.2727272727272727;0.9090909090909091;528;0.25210084033613445;0.9090909090909091;537;0.26548672566371684;0.9090909090909091;528;0.27522935779816515;0.9090909090909091
v11;2379;0.07799442896935933;0.6666666666666666;2379;0.07799442896935933;0.6666666666666666;2753;0.06345733041575492;0.6904761904761905;2717;0.07881773399014778;0.7619047619047619;2719;0.07823960880195599;0.7619047619047619
v12;333;0.0;0.0;333;0.0;0.0;303;0.0;0.0;318;0.0;0.0;313;0.0;0.0
v13;2311;0.057803468208092484;0.7142857142857143;2311;0.057803468208092484;0.7142857142857143;2322;0.04392764857881137;0.6071428571428571;2463;0.05093833780160858;0.6785714285714286;2470;0.05080213903743316;0.6785714285714286
v14;400;0.0;0.0;400;0.0;0.0;553;0.009708737864077669;0.043478260869565216;361;0.0;0.0;365;0.0;0.0
v15;1951;0.047619047619047616;0.7222222222222222;1951;0.047619047619047616;0.7222222222222222;2102;0.045454545454545456;0.7777777777777778;1978;0.04693140794223827;0.7222222222222222;1998;0.046263345195729534;0.7222222222222222
v16;710;0.17419354838709677;0.627906976744186;710;0.17419354838709677;0.627906976744186;739;0.14917127071823205;0.627906976744186;789;0.1657754010695187;0.7209302325581395;815;0.16230366492146597;0.7209302325581395
v17;753;0.18404907975460122;0.6976744186046512;753;0.18404907975460122;0.6976744186046512;990;0.12658227848101267;0.6976744186046512;930;0.15841584158415842;0.7441860465116279;967;0.14883720930232558;0.7441860465116279
v18;91;0.0;0.0;91;0.0;0.0;4423;0.0;0.0;1830;0.0;0.0;1686;0.0;0.0
v19;3189;0.0511727078891258;0.7272727272727273;3189;0.0511727078891258;0.7272727272727273;3491;0.04240282685512368;0.7272727272727273;3368;0.047244094488188976;0.7272727272727273;3364;0.047337278106508875;0.7272727272727273
v20;2119;0.005988023952095809;0.08695652173913043;2119;0.005988023952095809;0.08695652173913043;2461;0.0045045045045045045;0.08695652173913043;2165;0.005917159763313609;0.08695652173913043;2185;0.005865102639296188;0.08695652173913043
v21;154;0;0;154;0;0;3218;0.0;0.0;939;0.0;0.0;859;0.0;0.0
v22;117;0.44776119402985076;0.6666666666666666;117;0.44776119402985076;0.6666666666666666;115;0.42857142857142855;0.6666666666666666;120;0.47761194029850745;0.7111111111111111;120;0.47761194029850745;0.7111111111111111
v23;1437;0.11153846153846154;0.6444444444444445;1437;0.11153846153846154;0.6444444444444445;1881;0.08547008547008547;0.6666666666666666;1836;0.08011869436201781;0.6;1822;0.08035714285714286;0.6
v24;108;0.0;0.0;108;0.0;0.0;388;0.0;0.0;217;0.0;0.0;229;0.0;0.0
v25;205;0.01694915254237288;0.0625;205;0.01694915254237288;0.0625;552;0.02666666666666667;0.25;413;0.04081632653061224;0.25;392;0.054945054945054944;0.3125
v26;399;0.12643678160919541;0.6875;399;0.12643678160919541;0.6875;761;0.058823529411764705;0.6875;532;0.10619469026548672;0.75;529;0.10810810810810811;0.75
v27;1360;0.04020100502512563;0.7272727272727273;1360;0.04020100502512563;0.7272727272727273;1539;0.0326530612244898;0.7272727272727273;1404;0.03902439024390244;0.7272727272727273;1392;0.03940886699507389;0.7272727272727273
v28;1548;0.04932735426008968;0.7857142857142857;1548;0.04932735426008968;0.7857142857142857;1628;0.044897959183673466;0.7857142857142857;1540;0.048672566371681415;0.7857142857142857;1552;0.05286343612334802;0.8571428571428571
v29;1635;0.04602510460251046;0.7857142857142857;1635;0.04602510460251046;0.7857142857142857;1680;0.044715447154471545;0.7857142857142857;1627;0.04721030042918455;0.7857142857142857;1630;0.04700854700854701;0.7857142857142857
v30;1883;0.03819444444444445;0.7333333333333333;1883;0.03819444444444445;0.7333333333333333;1853;0.03767123287671233;0.7333333333333333;1958;0.03355704697986577;0.6666666666666666;1961;0.033444816053511704;0.6666666666666666
v31;789;0.18627450980392157;0.9047619047619048;789;0.18627450980392157;0.9047619047619048;786;0.1743119266055046;0.9047619047619048;789;0.1565217391304348;0.8571428571428571;789;0.1565217391304348;0.8571428571428571
v32;1240;0.008021390374331552;0.06976744186046512;1742;0.021917808219178082;0.18604651162790697;2812;0.0106544901065449;0.16279069767441862;4080;0.006659267480577136;0.13953488372093023;3676;0.007416563658838072;0.13953488372093023
v33;611;0.06976744186046512;0.6428571428571429;611;0.06976744186046512;0.6428571428571429;603;0.0703125;0.6428571428571429;562;0.09;0.6428571428571429;576;0.08823529411764706;0.6428571428571429
v34;680;0.20388349514563106;0.9130434782608695;680;0.20388349514563106;0.9130434782608695;1609;0.0842911877394636;0.9565217391304348;1613;0.08641975308641975;0.9130434782608695;1626;0.08571428571428572;0.9130434782608695
v35;248;0.3142857142857143;0.8461538461538461;248;0.3142857142857143;0.8461538461538461;534;0.10884353741496598;0.6153846153846154;489;0.1810344827586207;0.8076923076923077;457;0.21568627450980393;0.8461538461538461
v36;798;0.16911764705882354;0.8846153846153846;798;0.16911764705882354;0.8846153846153846;761;0.17424242424242425;0.8846153846153846;819;0.16911764705882354;0.8846153846153846;814;0.17164179104477612;0.8846153846153846
v37;418;0.2222222222222222;0.7586206896551724;418;0.2222222222222222;0.7586206896551724;553;0.14583333333333334;0.7241379310344828;485;0.18867924528301888;0.6896551724137931;464;0.19607843137254902;0.6896551724137931
v38;74;0;0;74;0;0;1786;0.0;0.0;608;0.0;0.0;598;0.0;0.0
v39;874;0.023255813953488372;0.5;874;0.023255813953488372;0.5;1027;0.023809523809523808;0.6666666666666666;894;0.03225806451612903;0.6666666666666666;897;0.032;0.6666666666666666
v40;655;0.04938271604938271;0.6666666666666666;655;0.04938271604938271;0.6666666666666666;627;0.044444444444444446;0.6666666666666666;697;0.045454545454545456;0.6666666666666666;702;0.044444444444444446;0.6666666666666666
v41;965;0.049689440993788817;0.6666666666666666;965;0.049689440993788817;0.6666666666666666;1126;0.03902439024390244;0.6666666666666666;1109;0.052941176470588235;0.75;1134;0.05202312138728324;0.75
v42;575;0.14912280701754385;0.8095238095238095;575;0.14912280701754385;0.8095238095238095;523;0.16831683168316833;0.8095238095238095;555;0.14953271028037382;0.7619047619047619;588;0.14035087719298245;0.7619047619047619
v43;485;0.2;0.8076923076923077;485;0.2;0.8076923076923077;521;0.1891891891891892;0.8076923076923077;524;0.1926605504587156;0.8076923076923077;528;0.19090909090909092;0.8076923076923077
v44;2051;0.01718213058419244;0.8333333333333334;2051;0.01718213058419244;0.8333333333333334;2133;0.016286644951140065;0.8333333333333334;2209;0.015822784810126583;0.8333333333333334;2252;0.009009009009009009;0.5
v45;609;0.04040404040404041;1.0;609;0.04040404040404041;1.0;1013;0.01818181818181818;0.75;781;0.007518796992481203;0.25;802;0.007407407407407408;0.25
v46;137;0.0;0.0;137;0.0;0.0;1103;0.050761421319796954;0.625;1051;0.018867924528301886;0.25;994;0.015306122448979591;0.1875
v47;664;0.09649122807017543;0.6875;664;0.09649122807017543;0.6875;896;0.06802721088435375;0.625;854;0.07142857142857142;0.625;841;0.07462686567164178;0.625
v48;1525;0.12015503875968993;0.7045454545454546;1525;0.12015503875968993;0.7045454545454546;1557;0.10507246376811594;0.6590909090909091;1851;0.09508196721311475;0.6590909090909091;1843;0.09602649006622517;0.6590909090909091
v49;541;0.07692307692307693;0.5333333333333333;541;0.07692307692307693;0.5333333333333333;687;0.10344827586206896;1.0;638;0.1;0.7333333333333333;629;0.102803738317757;0.7333333333333333
v50;628;0.125;0.6956521739130435;628;0.125;0.6956521739130435;711;0.11038961038961038;0.7391304347826086;741;0.08333333333333333;0.5217391304347826;775;0.10135135135135136;0.6521739130434783
v51;417;0.08;0.34782608695652173;417;0.08;0.34782608695652173;598;0.05844155844155844;0.391304347826087;476;0.07407407407407407;0.34782608695652173;453;0.07920792079207921;0.34782608695652173
v52;2280;0.07122507122507123;0.8333333333333334;2280;0.07122507122507123;0.8333333333333334;2248;0.0659025787965616;0.7666666666666667;2406;0.059431524547803614;0.7666666666666667;2521;0.055825242718446605;0.7666666666666667
v53;239;0.1;0.38461538461538464;239;0.1;0.38461538461538464;388;0.045871559633027525;0.38461538461538464;329;0.06493506493506493;0.38461538461538464;329;0.06329113924050633;0.38461538461538464
v54;363;0.2236842105263158;0.6296296296296297;363;0.2236842105263158;0.6296296296296297;497;0.152;0.7037037037037037;451;0.1346153846153846;0.5185185185185185;435;0.15306122448979592;0.5555555555555556
v55;242;0.02631578947368421;0.058823529411764705;242;0.02631578947368421;0.058823529411764705;720;0.10714285714285714;0.6176470588235294;499;0.09022556390977443;0.35294117647058826;483;0.1015625;0.38235294117647056
v56;293;0.0;0.0;293;0.0;0.0;931;0.0;0.0;301;0.0;0.0;270;0.0;0.0
v57;576;0.0625;0.8333333333333334;576;0.0625;0.8333333333333334;556;0.05102040816326531;0.8333333333333334;688;0.053763440860215055;0.8333333333333334;695;0.05319148936170213;0.8333333333333334
v58;854;0.064;0.5333333333333333;854;0.064;0.5333333333333333;1105;0.05319148936170213;0.6666666666666666;1020;0.036585365853658534;0.4;954;0.040268456375838924;0.4
v59;239;0.26666666666666666;0.6956521739130435;239;0.26666666666666666;0.6956521739130435;814;0.07772020725388601;0.6521739130434783;680;0.12605042016806722;0.6521739130434783;702;0.12096774193548387;0.6521739130434783
v60;77;0.5161290322580645;0.8;77;0.5161290322580645;0.8;394;0.16666666666666666;0.85;276;0.23076923076923078;0.75;277;0.22727272727272727;0.75
v61;383;0.023809523809523808;0.05454545454545454;383;0.023809523809523808;0.05454545454545454;488;0.019736842105263157;0.05454545454545454;590;0.10526315789473684;0.2909090909090909;590;0.058823529411764705;0.18181818181818182
v62;995;0.12442396313364056;0.4909090909090909;995;0.12442396313364056;0.4909090909090909;989;0.0944206008583691;0.4;925;0.09345794392523364;0.36363636363636365;938;0.09174311926605505;0.36363636363636365
v63;95;0.0;0.0;95;0.0;0.0;1197;0.015037593984962405;0.23529411764705882;484;0.01694915254237288;0.11764705882352941;414;0.009615384615384616;0.058823529411764705
v64;590;0.017543859649122806;0.2;590;0.017543859649122806;0.2;1300;0.007380073800738007;0.2;942;0.012269938650306749;0.2;939;0.0125;0.2
v65;144;0.058823529411764705;0.18181818181818182;117;0.058823529411764705;0.18181818181818182;5471;0.00110803324099723;0.18181818181818182;1339;0.014749262536873156;0.45454545454545453;1312;0.009345794392523364;0.2727272727272727
v66;99;0.0;0.0;99;0.0;0.0;3899;0.0030581039755351682;0.23076923076923078;1630;0.018421052631578946;0.5384615384615384;1574;0.021505376344086023;0.6153846153846154
v67;58;0;0;58;0;0;713;0.0;0.0;231;0.0;0.0;199;0.0;0.0
v68;823;0.023809523809523808;0.5;823;0.023809523809523808;0.5;737;0.046296296296296294;0.8333333333333334;881;0.02158273381294964;0.5;885;0.02158273381294964;0.5
v69;402;0.0;0.0;402;0.0;0.0;1658;0.021367521367521368;0.23809523809523808;952;0.006920415224913495;0.047619047619047616;910;0.007272727272727273;0.047619047619047616
v70;36;0.42857142857142855;1.0;1944;0.0033444816053511705;0.3333333333333333;2187;0.002976190476190476;0.3333333333333333;75;0.16666666666666666;1.0;69;0.17647058823529413;1.0
v71;744;0.0;0.0;744;0.0;0.0;881;0.0;0.0;849;0.0;0.0;830;0.0;0.0
v72;639;0.17647058823529413;0.8;639;0.17647058823529413;0.8;984;0.11403508771929824;0.8666666666666667;1009;0.116751269035533;0.7666666666666667;968;0.1076923076923077;0.7
v73;625;0.13114754098360656;0.8888888888888888;625;0.13114754098360656;0.8888888888888888;793;0.08620689655172414;0.8333333333333334;800;0.08695652173913043;0.7777777777777778;801;0.08695652173913043;0.7777777777777778
v74;521;0.19166666666666668;0.92;521;0.19166666666666668;0.92;488;0.1826086956521739;0.84;680;0.11188811188811189;0.64;719;0.11258278145695365;0.68
v75;515;0.13709677419354838;0.5666666666666667;515;0.13709677419354838;0.5666666666666667;653;0.0949367088607595;0.5;713;0.13924050632911392;0.7333333333333333;713;0.13836477987421383;0.7333333333333333
v76;177;0.14754098360655737;0.3333333333333333;177;0.14754098360655737;0.3333333333333333;316;0.24705882352941178;0.7777777777777778;420;0.12380952380952381;0.48148148148148145;398;0.11764705882352941;0.4444444444444444
v77;124;0;0;124;0;0;121;0.0;0.0;117;0.0;0.0;115;0.0;0.0
v78;2168;0.010752688172043012;0.4;2168;0.010752688172043012;0.4;2136;0.026706231454005934;0.9;2127;0.020958083832335328;0.7;2172;0.022535211267605635;0.8
v79;128;0.0;0.0;113;0.0;0.0;4892;0.0018467220683287165;0.2857142857142857;2651;0.0;0.0;2961;0.0;0.0
v80;1046;0.07643312101910828;0.6666666666666666;1046;0.07643312101910828;0.6666666666666666;1100;0.06417112299465241;0.6666666666666666;1228;0.09195402298850575;0.8888888888888888;1235;0.09248554913294797;0.8888888888888888
v81;588;0.09482758620689655;0.6875;588;0.09482758620689655;0.6875;850;0.025477707006369428;0.25;843;0.06493506493506493;0.625;871;0.06060606060606061;0.625
v82;1069;0.08771929824561403;0.75;1069;0.08771929824561403;0.75;1076;0.0546448087431694;0.5;1291;0.05687203791469194;0.6;1260;0.06;0.6
v83;132;0.0;0.0;132;0.0;0.0;1282;0.06341463414634146;0.5909090909090909;1189;0.023474178403755867;0.22727272727272727;1153;0.024390243902439025;0.22727272727272727
v84;137;0.0;0.0;140;0;0;6525;0.0005431830526887561;0.05555555555555555;3290;0.0;0.0;4532;0.0;0.0
v85;1450;0.0625;0.8;1450;0.0625;0.8;1710;0.04807692307692308;0.75;1551;0.0546875;0.7;1543;0.05511811023622047;0.7
v86;61;0.0;0.0;48;0.0;0.0;8258;0.0;0.0;3321;0.0012674271229404308;0.125;5060;0.0;0.0
v87;2169;0.07219251336898395;0.9;2169;0.07219251336898395;0.9;2237;0.06352941176470588;0.9;2085;0.07894736842105263;0.9;2088;0.07803468208092486;0.9
v88;100;0.0;0.0;100;0.0;0.0;808;0.046242774566473986;0.6666666666666666;541;0.009174311926605505;0.08333333333333333;519;0.009433962264150943;0.08333333333333333
v89;616;0.05263157894736842;0.5;616;0.05263157894736842;0.5;969;0.03333333333333333;0.5833333333333334;860;0.023809523809523808;0.3333333333333333;751;0.027210884353741496;0.3333333333333333
v90;301;0;0;301;0;0;654;0.0;0.0;258;0.0;0.0;263;0.0;0.0
v91;707;0.04225352112676056;0.6;707;0.04225352112676056;0.6;1211;0.0196078431372549;0.5;773;0.03870967741935484;0.6;747;0.04697986577181208;0.7
v92;927;0.00625;0.07692307692307693;927;0.00625;0.07692307692307693;913;0.005291005291005291;0.07692307692307693;942;0.006369426751592357;0.07692307692307693;948;0.0064516129032258064;0.07692307692307693
v93;558;0.21904761904761905;0.8214285714285714;558;0.21904761904761905;0.8214285714285714;736;0.1437908496732026;0.7857142857142857;706;0.168;0.75;697;0.1693548387096774;0.75
v94;320;0;0;320;0;0;2051;0.0;0.0;531;0.005813953488372093;0.027777777777777776;335;0.0;0.0
v95;2113;0.07936507936507936;0.6944444444444444;2113;0.07936507936507936;0.6944444444444444;2444;0.06596306068601583;0.6944444444444444;2384;0.07164179104477612;0.6666666666666666;2353;0.0736196319018405;0.6666666666666666
v96;689;0.014492753623188406;0.1111111111111111;689;0.014492753623188406;0.1111111111111111;1961;0.028391167192429023;0.5;1123;0.004291845493562232;0.05555555555555555;1124;0.004016064257028112;0.05555555555555555
v97;1358;0.09345794392523364;0.6896551724137931;1358;0.09345794392523364;0.6896551724137931;1408;0.09251101321585903;0.7241379310344828;1440;0.08225108225108226;0.6551724137931034;1427;0.08333333333333333;0.6551724137931034
v98;1134;0.14201183431952663;0.8275862068965517;1134;0.14201183431952663;0.8275862068965517;1214;0.12;0.8275862068965517;1246;0.10628019323671498;0.7586206896551724;1234;0.1073170731707317;0.7586206896551724
v99;261;0.0;0.0;261;0.0;0.0;1482;0.013289036544850499;0.14285714285714285;529;0.0;0.0;368;0.0;0.0
v100;958;0.1568627450980392;0.7741935483870968;958;0.1568627450980392;0.7741935483870968;1498;0.09411764705882353;0.7741935483870968;1546;0.09465020576131687;0.7419354838709677;1531;0.09623430962343096;0.7419354838709677
