PSM6 Levenshtein; PSM6 Jaccard; PSM6 Overlap
n1;946;0.23193916349809887;0.6421052631578947
n2;544;0.15675675675675677;0.42028985507246375
n3;503;0;0
n4;1489;0.0912280701754386;0.5652173913043478
n5;2259;0.12;0.6818181818181818
n6;1183;0.15087719298245614;0.5512820512820513
n7;776;0.19889502762430938;0.8
n8;763;0.14056224899598393;0.5737704918032787
n9;3224;0.05725971370143149;0.6829268292682927
n10;631;0.009009009009009009;0.09090909090909091
n11;2453;0.0;0.0
n12;3400;0.03826955074875208;0.42592592592592593
n13;2216;0.14184397163120568;0.625
n14;3219;0.0;0.0
n15;575;0.08839779005524862;0.5517241379310345
n16;4311;0.021170610211706103;0.2698412698412698
n17;771;0.06557377049180328;0.32653061224489793
n18;780;0.11848341232227488;0.5102040816326531
n19;896;0.07723577235772358;0.3584905660377358
n20;2393;0.010810810810810811;0.11764705882352941
n21;162;0.0;0.0
n22;470;0.226890756302521;0.7941176470588235
n23;397;0.0;0.0
n24;460;0.0;0.0
n25;882;0.012461059190031152;0.07017543859649122
n26;516;0.1875;0.6
n27;804;0.27238805970149255;0.6403508771929824
n28;5243;0.0011661807580174927;0.03508771929824561
n29;420;0.1366906474820144;0.4222222222222222
n30;589;0.08163265306122448;0.35555555555555557
n31;371;0.2047244094488189;0.5306122448979592
n32;1276;0.004784688995215311;0.14285714285714285
n33;1037;0.017964071856287425;0.75
n34;1951;0.029535864978902954;0.3684210526315789
n35;196;0.0;0.0
n36;756;0.004830917874396135;0.02702702702702703
n37;815;0.04032258064516129;0.7142857142857143
n38;776;0.024193548387096774;0.42857142857142855
n39;1127;0.057692307692307696;0.7058823529411765
n40;848;0.0;0.0
n41;1705;0.030360531309297913;0.34782608695652173
n42;538;0.2692307692307692;0.6774193548387096
n43;2295;0.0;0.0
n44;865;0.125;0.7428571428571429
n45;757;0.16939890710382513;0.7560975609756098
n46;1514;0.09561752988047809;0.8888888888888888
n47;644;0.18045112781954886;0.96
n48;850;0.24479166666666666;0.7704918032786885
n49;795;0.033707865168539325;0.24
n50;576;0.15873015873015872;0.8
n51;535;0.18269230769230768;0.76
n52;803;0.12571428571428572;0.9166666666666666
n53;684;0.2108843537414966;0.7948717948717948
n54;764;0.17297297297297298;0.7619047619047619
n55;829;0.11904761904761904;0.6451612903225806
n56;874;0.165;0.7857142857142857
n57;615;0.2229299363057325;0.8536585365853658
n58;2844;0.011015911872705019;0.19148936170212766
n59;2230;0.0;0.0
n60;238;0.22950819672131148;0.9333333333333333
n61;2321;0.05161290322580645;0.8571428571428571
n62;850;0.02631578947368421;0.10294117647058823
n63;2105;0.0702576112412178;0.625
n64;1467;0.04276315789473684;0.5
n65;2200;0.03926701570680628;0.7142857142857143
n66;2033;0.028462998102466792;0.4838709677419355
n67;1174;0.049107142857142856;0.6111111111111112
n68;1096;0.07906976744186046;0.68
n69;1009;0.125;0.84375
n70;731;0.03669724770642202;0.08333333333333333
n71;2253;0.07552083333333333;0.58
n72;2354;0.09090909090909091;0.75
n73;4014;0.041474654377880185;0.675
n74;1531;0.007042253521126761;0.13333333333333333
n75;421;0.17647058823529413;0.8823529411764706
n76;478;0.12380952380952381;0.8125
n77;1024;0.08383233532934131;0.6666666666666666
n78;1299;0.102803738317757;0.7586206896551724
n79;2199;0.05642023346303502;0.5576923076923077
n80;1139;0.12844036697247707;0.7567567567567568
n81;1327;0.043478260869565216;0.7692307692307693
n82;1442;0.0931174089068826;0.696969696969697
n83;1623;0.08391608391608392;0.7272727272727273
n84;1469;0.08333333333333333;0.7241379310344828
n85;1548;0.13580246913580246;0.8918918918918919
n86;1033;0.1324200913242009;0.6444444444444445
n87;1047;0.1065989847715736;0.525
n88;1382;0.13580246913580246;0.8048780487804879
n89;1538;0.12867647058823528;0.7608695652173914
n90;170;0.0;0.0
n91;2288;0.01662049861495845;0.35294117647058826
n92;512;0.10989010989010989;0.8333333333333334
n93;4867;0.012903225806451613;0.37037037037037035
n94;2087;0.12692307692307692;0.8461538461538461
n95;2881;0.04504504504504504;0.8
n96;1695;0.0;0.0
n97;1386;0.12017167381974249;0.9032258064516129
n98;156;0.02;0.045454545454545456
n99;1728;0.0812720848056537;0.6216216216216216
n100;1748;0.11808118081180811;0.8421052631578947
v1;238;0.33962264150943394;0.8571428571428571
v2;1693;0.0064516129032258064;0.125
v3;1129;0.023668639053254437;0.4444444444444444
v4;730;0.0;0.0
v5;1565;0.037037037037037035;1.0
v6;1522;0.0657439446366782;0.6333333333333333
v7;3664;0.08901515151515152;0.734375
v8;3628;0.09362549800796813;0.734375
v9;840;0.14093959731543623;0.9130434782608695
v10;528;0.25210084033613445;0.9090909090909091
v11;2753;0.06345733041575492;0.6904761904761905
v12;303;0.0;0.0
v13;2322;0.04392764857881137;0.6071428571428571
v14;553;0.009708737864077669;0.043478260869565216
v15;2102;0.045454545454545456;0.7777777777777778
v16;739;0.14917127071823205;0.627906976744186
v17;990;0.12658227848101267;0.6976744186046512
v18;4423;0.0;0.0
v19;3491;0.04240282685512368;0.7272727272727273
v20;2461;0.0045045045045045045;0.08695652173913043
v21;3218;0.0;0.0
v22;115;0.42857142857142855;0.6666666666666666
v23;1881;0.08547008547008547;0.6666666666666666
v24;388;0.0;0.0
v25;552;0.02666666666666667;0.25
v26;761;0.058823529411764705;0.6875
v27;1539;0.0326530612244898;0.7272727272727273
v28;1628;0.044897959183673466;0.7857142857142857
v29;1680;0.044715447154471545;0.7857142857142857
v30;1853;0.03767123287671233;0.7333333333333333
v31;786;0.1743119266055046;0.9047619047619048
v32;2812;0.0106544901065449;0.16279069767441862
v33;603;0.0703125;0.6428571428571429
v34;1609;0.0842911877394636;0.9565217391304348
v35;534;0.10884353741496598;0.6153846153846154
v36;761;0.17424242424242425;0.8846153846153846
v37;553;0.14583333333333334;0.7241379310344828
v38;1786;0.0;0.0
v39;1027;0.023809523809523808;0.6666666666666666
v40;627;0.044444444444444446;0.6666666666666666
v41;1126;0.03902439024390244;0.6666666666666666
v42;523;0.16831683168316833;0.8095238095238095
v43;521;0.1891891891891892;0.8076923076923077
v44;2133;0.016286644951140065;0.8333333333333334
v45;1013;0.01818181818181818;0.75
v46;1103;0.050761421319796954;0.625
v47;896;0.06802721088435375;0.625
v48;1557;0.10507246376811594;0.6590909090909091
v49;687;0.10344827586206896;1.0
v50;711;0.11038961038961038;0.7391304347826086
v51;598;0.05844155844155844;0.391304347826087
v52;2248;0.0659025787965616;0.7666666666666667
v53;388;0.045871559633027525;0.38461538461538464
v54;497;0.152;0.7037037037037037
v55;720;0.10714285714285714;0.6176470588235294
v56;931;0.0;0.0
v57;556;0.05102040816326531;0.8333333333333334
v58;1105;0.05319148936170213;0.6666666666666666
v59;814;0.07772020725388601;0.6521739130434783
v60;394;0.16666666666666666;0.85
v61;488;0.019736842105263157;0.05454545454545454
v62;989;0.0944206008583691;0.4
v63;1197;0.015037593984962405;0.23529411764705882
v64;1300;0.007380073800738007;0.2
v65;5471;0.00110803324099723;0.18181818181818182
v66;3899;0.0030581039755351682;0.23076923076923078
v67;713;0.0;0.0
v68;737;0.046296296296296294;0.8333333333333334
v69;1658;0.021367521367521368;0.23809523809523808
v70;2187;0.002976190476190476;0.3333333333333333
v71;881;0.0;0.0
v72;984;0.11403508771929824;0.8666666666666667
v73;793;0.08620689655172414;0.8333333333333334
v74;488;0.1826086956521739;0.84
v75;653;0.0949367088607595;0.5
v76;316;0.24705882352941178;0.7777777777777778
v77;121;0.0;0.0
v78;2136;0.026706231454005934;0.9
v79;4892;0.0018467220683287165;0.2857142857142857
v80;1100;0.06417112299465241;0.6666666666666666
v81;850;0.025477707006369428;0.25
v82;1076;0.0546448087431694;0.5
v83;1282;0.06341463414634146;0.5909090909090909
v84;6525;0.0005431830526887561;0.05555555555555555
v85;1710;0.04807692307692308;0.75
v86;8258;0.0;0.0
v87;2237;0.06352941176470588;0.9
v88;808;0.046242774566473986;0.6666666666666666
v89;969;0.03333333333333333;0.5833333333333334
v90;654;0.0;0.0
v91;1211;0.0196078431372549;0.5
v92;913;0.005291005291005291;0.07692307692307693
v93;736;0.1437908496732026;0.7857142857142857
v94;2051;0.0;0.0
v95;2444;0.06596306068601583;0.6944444444444444
v96;1961;0.028391167192429023;0.5
v97;1408;0.09251101321585903;0.7241379310344828
v98;1214;0.12;0.8275862068965517
v99;1482;0.013289036544850499;0.14285714285714285
v100;1498;0.09411764705882353;0.7741935483870968
